100 100
85  13  37  1   49  30  50  62  92  98  12  36  72  99  17  13  24  58  3   64  29  96  98  12  60  59  11  64  17  93  72  97  69  73  5   46  78  33  71  87  65  41  91  0   54  41  24  96  65  89  86  25  37  68  70  54  68  8   90  49  27  90  50  60  69  62  63  25  30  5   4   24  78  48  52  53  9   28  49  28  68  88  17  9   46  77  24  77  70  91  57  67  27  64  25  64  99  46  52  69 
67  17  64  26  14  84  89  94  74  15  93  75  30  95  58  18  99  85  14  22  31  43  39  77  73  23  59  68  32  2   7   19  81  52  22  57  15  73  62  39  85  83  51  52  83  65  70  23  83  67  50  27  56  0   72  24  59  89  92  61  10  73  80  10  80  65  49  47  8   46  9   64  63  81  63  52  49  99  18  93  50  72  67  20  76  93  68  56  82  95  52  68  84  48  96  37  89  58  62  28 
32  35  84  55  61  23  39  43  75  90  84  57  27  59  14  71  58  53  54  65  26  81  24  71  1   51  11  56  72  77  36  7   10  97  50  58  72  34  19  95  39  10  56  76  3   40  88  27  39  74  29  83  80  11  6   32  35  34  1   100 47  13  13  91  57  23  22  52  41  47  49  97  49  59  90  49  5   34  76  100 90  8   40  21  78  48  64  90  59  89  83  50  6   91  91  91  19  96  72  31 
9   71  92  49  61  9   30  76  33  69  34  34  50  75  77  37  70  38  42  3   97  4   74  90  17  57  40  45  36  86  7   54  73  58  37  61  12  72  24  9   89  85  70  30  83  15  60  96  15  99  42  100 3   46  45  68  81  65  84  29  61  9   1   49  30  64  67  92  100 49  81  64  51  1   11  2   24  74  59  11  58  47  98  91  56  0   63  54  15  22  72  69  74  60  62  47  45  96  2   91 
36  59  11  68  68  63  7   61  51  1   28  18  17  2   42  40  90  67  52  72  37  53  31  27  77  60  24  52  34  90  43  60  11  97  36  9   21  75  51  29  29  3   11  31  33  52  56  94  95  72  91  99  43  92  70  8   62  24  7   83  63  10  95  99  86  29  30  51  57  76  21  19  73  27  15  8   82  69  27  20  54  14  60  85  90  63  66  89  28  90  74  74  26  20  93  7   24  90  20  92 
78  48  22  36  62  12  92  56  90  39  79  24  67  6   26  15  69  26  66  77  29  35  15  94  95  61  14  3   73  41  73  97  0   77  85  70  25  1   96  21  64  100 61  59  29  60  54  7   75  96  47  39  10  55  34  44  92  88  13  38  38  45  71  68  72  47  33  74  26  96  23  88  72  99  60  30  18  30  89  14  18  59  98  1   79  56  53  73  19  3   82  28  86  15  42  25  27  37  38  74 
41  56  17  89  29  57  90  31  25  92  65  24  60  36  33  4   76  30  47  84  1   81  94  55  85  48  80  66  96  11  32  39  47  72  26  84  10  34  76  88  61  45  52  86  63  52  4   63  68  33  16  13  1   34  2   13  40  55  77  56  70  33  59  44  39  50  86  54  4   96  28  51  18  83  22  51  6   82  59  76  98  23  53  22  65  64  20  31  10  5   3   8   34  14  71  85  32  91  44  8  
97  63  2   42  35  35  11  10  54  77  36  44  62  84  29  96  6   100 22  2   73  71  65  9   43  77  96  3   5   16  32  92  41  46  25  22  57  41  3   53  14  0   32  91  18  93  94  63  72  57  16  38  75  8   69  27  13  0   28  96  56  91  49  68  56  31  64  85  81  6   89  43  94  64  27  76  72  22  52  61  21  55  24  94  75  45  73  47  38  57  68  76  23  38  77  60  55  37  84  47 
43  23  55  55  45  46  9   35  9   2   83  43  56  65  13  77  59  76  71  38  53  48  22  31  31  45  68  55  42  94  1   15  17  42  12  87  33  30  36  87  14  87  25  97  30  22  13  31  76  8   95  54  41  92  13  72  84  54  71  100 49  93  49  41  56  82  31  2   48  52  62  46  98  77  9   11  29  52  23  98  6   24  14  19  53  75  3   68  85  88  60  98  38  68  13  28  57  4   50  28 
41  39  29  89  78  17  85  38  35  84  49  84  44  44  63  9   67  23  48  18  7   29  93  6   93  72  57  75  51  4   84  23  21  65  69  64  76  7   66  98  7   40  96  19  65  55  43  54  29  96  35  71  3   90  2   50  40  13  2   60  68  43  59  47  10  45  22  34  76  22  17  37  84  71  46  38  89  89  39  74  98  11  57  83  9   79  25  84  99  12  75  54  73  5   60  44  29  74  63  19 
96  14  61  18  74  9   59  49  59  99  34  18  45  11  29  21  33  71  72  60  97  50  9   4   4   35  47  28  33  94  11  18  84  81  80  48  31  30  81  68  37  70  40  50  85  81  5   66  29  87  53  92  5   35  59  0   58  69  25  49  99  30  75  28  77  28  95  25  58  11  38  8   83  58  100 53  96  28  60  45  10  100 81  21  10  97  65  9   28  27  34  40  0   22  100 55  95  55  19  10 
67  72  53  96  5   99  47  46  88  21  48  87  58  51  94  4   12  76  33  79  55  97  70  21  44  68  30  84  9   12  14  83  10  42  53  99  58  53  52  76  56  83  100 63  73  86  22  16  86  65  21  12  99  46  2   98  22  50  82  72  63  34  72  79  60  77  16  72  49  43  85  84  46  91  13  16  72  28  11  44  69  45  93  3   82  28  59  35  44  59  51  25  65  72  37  48  47  79  25  70 
88  10  19  58  12  74  65  94  78  55  27  10  39  76  92  52  20  8   70  39  44  34  40  25  43  55  91  56  92  89  93  81  3   38  83  39  55  60  0   23  61  77  10  41  63  84  51  55  47  95  61  23  36  70  11  30  51  10  64  24  36  7   97  3   61  15  77  13  71  69  65  20  51  33  77  59  45  91  35  22  51  57  34  11  35  35  25  86  94  62  93  38  57  66  58  42  50  33  41  90 
22  84  67  54  72  10  44  78  2   32  53  53  83  36  65  58  27  2   48  10  5   34  23  57  59  74  31  100 95  51  46  69  15  30  57  52  68  39  65  26  40  57  17  40  73  79  9   20  27  59  87  62  68  96  62  96  94  60  80  33  56  34  56  68  74  55  82  56  7   2   17  73  44  94  27  81  18  30  30  36  47  85  15  70  17  17  43  1   3   53  59  70  92  60  61  39  18  30  71  47 
15  43  46  61  52  29  46  66  87  69  3   13  46  14  0   98  9   4   43  90  82  86  36  28  18  49  97  100 25  46  65  95  46  29  3   8   22  29  62  77  8   23  45  40  75  77  4   17  46  44  86  79  98  82  47  67  62  61  9   47  5   53  30  99  9   42  40  85  36  69  63  82  44  68  34  22  12  51  96  86  17  100 99  39  75  3   90  55  21  16  97  33  33  56  45  29  5   99  0   4  
76  77  20  50  67  84  51  64  54  86  27  47  53  24  31  17  36  13  96  13  43  10  45  6   74  95  38  19  93  23  48  6   17  30  69  76  15  99  75  51  53  63  19  58  37  21  75  91  79  24  83  70  10  0   10  47  8   1   44  32  25  6   59  37  60  84  0   30  8   36  5   96  91  8   24  47  85  97  24  28  55  85  53  88  67  94  99  22  28  75  29  47  46  85  55  19  32  93  84  41 
63  34  55  70  77  72  3   12  88  79  53  59  87  76  44  56  97  92  79  65  39  93  4   17  45  94  5   59  6   66  18  83  79  71  98  38  98  30  30  85  70  39  32  79  78  56  78  63  87  14  89  53  1   92  2   78  79  62  39  4   78  100 58  48  68  60  82  26  73  27  36  12  12  35  42  19  83  25  53  65  6   54  21  33  9   26  48  66  70  17  6   20  15  40  46  44  37  46  92  59 
63  63  24  58  53  70  9   6   36  39  70  17  48  16  82  10  98  33  29  40  43  94  70  26  96  84  30  49  63  28  62  36  93  18  85  19  58  94  29  72  21  3   23  85  46  16  72  72  31  28  80  0   23  83  71  0   72  66  61  15  31  89  4   32  73  4   68  33  84  91  78  67  9   51  5   92  18  36  51  76  44  33  17  67  0   99  18  77  32  36  28  54  33  7   8   5   32  79  29  34 
42  37  3   91  52  100 92  88  54  86  20  56  12  51  67  49  13  59  16  17  91  65  48  21  89  93  21  79  7   66  95  21  96  44  79  15  65  67  56  98  23  11  90  11  51  83  22  74  23  29  95  49  0   47  31  93  37  6   80  83  43  98  16  50  74  97  25  39  6   12  64  70  6   55  95  53  54  85  0   2   8   35  36  7   49  43  2   77  45  4   39  57  93  5   4   99  68  49  92  65 
99  76  64  57  89  62  9   20  85  89  98  59  16  85  67  6   53  56  17  51  78  91  75  62  90  25  44  36  59  70  55  18  63  93  36  17  40  47  81  44  23  43  67  68  71  17  15  35  50  58  17  55  82  15  20  85  7   98  98  52  9   84  69  78  73  19  58  81  78  88  46  88  56  39  68  80  39  3   4   20  59  44  75  49  23  66  68  53  1   15  59  1   92  66  78  2   29  5   19  68 
25  59  35  76  31  51  26  90  70  39  35  1   76  42  94  18  13  34  53  37  98  21  77  6   33  58  21  71  45  45  12  62  14  61  10  47  96  6   100 65  19  11  67  41  96  70  51  53  99  98  12  18  26  37  34  21  90  17  41  57  23  2   42  38  73  54  16  6   99  29  12  8   38  88  24  76  76  57  89  68  52  100 30  16  77  5   68  64  80  95  100 90  55  23  25  6   23  14  47  28 
22  92  30  90  86  8   41  24  35  23  42  65  24  65  36  95  100 27  89  3   25  2   95  72  65  23  30  65  44  81  84  60  73  30  63  37  70  32  77  85  92  32  44  46  69  31  68  33  46  48  53  65  2   75  56  7   73  55  50  23  4   81  33  22  0   40  2   100 85  51  43  19  24  5   31  19  55  57  47  98  21  71  64  15  98  49  58  37  78  15  32  82  60  6   21  10  68  63  43  65 
64  9   3   10  96  93  31  28  46  100 95  27  44  60  87  15  44  1   65  8   74  55  73  38  82  59  75  100 51  55  67  21  93  20  50  73  18  11  4   2   83  43  96  56  99  83  100 4   58  42  65  29  21  22  82  53  28  18  58  78  64  36  74  6   91  52  8   69  99  33  16  89  98  87  94  59  73  39  11  51  89  71  32  1   59  74  32  11  54  69  45  85  62  58  4   49  72  6   89  78 
13  72  36  79  26  81  54  85  34  51  64  56  3   56  21  92  46  48  4   77  37  55  46  46  42  99  16  34  43  95  18  20  29  64  91  98  76  13  74  9   70  5   2   89  92  95  56  96  43  16  26  0   60  23  80  10  25  49  78  24  89  90  4   91  40  100 65  90  57  0   99  98  27  32  18  71  39  36  34  86  92  35  40  10  81  70  83  3   16  21  86  20  38  94  63  64  54  81  77  64 
91  65  93  89  59  87  54  60  74  58  39  27  13  65  50  58  57  52  21  45  16  77  49  78  65  44  89  30  39  55  54  79  92  52  31  100 76  72  55  0   17  71  95  69  83  98  50  16  8   24  36  1   32  2   22  38  7   63  78  62  4   69  6   96  96  85  78  62  6   34  46  52  32  42  18  5   83  69  36  75  16  31  69  16  83  52  61  20  96  52  55  74  62  72  49  2   47  56  42  97 
48  73  61  79  79  36  62  79  32  28  95  76  89  94  0   51  83  65  80  52  92  25  58  9   40  52  41  81  40  76  90  75  7   20  27  28  28  92  52  97  49  77  21  87  74  28  38  6   30  92  27  77  5   82  84  83  80  6   11  40  78  83  33  44  28  31  34  54  31  14  31  21  57  62  6   79  57  90  7   42  17  59  12  14  92  16  85  90  9   10  74  96  10  44  99  16  26  66  1   35 
29  82  24  66  14  81  52  62  27  69  95  36  27  87  73  92  29  12  89  86  55  76  33  35  67  43  31  95  3   30  72  76  52  91  73  32  94  7   46  80  45  69  21  82  32  77  77  70  11  31  76  83  100 41  47  3   74  72  21  89  11  78  33  96  42  71  41  7   73  30  6   27  15  48  62  76  5   20  17  94  17  17  17  7   50  91  54  3   49  68  28  13  98  99  48  18  21  16  99  40 
83  84  63  46  15  75  12  92  53  42  14  2   57  13  50  77  14  29  30  14  19  4   36  9   15  6   94  95  61  49  89  91  3   27  92  46  4   36  99  58  25  89  64  35  0   84  6   42  41  31  88  93  32  91  100 29  28  86  67  32  25  62  53  85  30  18  25  38  16  13  60  47  87  59  27  12  97  96  12  93  63  26  64  31  50  28  62  42  9   35  79  88  4   95  91  17  58  60  33  69 
14  44  66  51  94  12  79  20  78  98  56  40  10  99  79  66  4   56  31  78  27  35  4   55  72  66  60  92  88  64  13  86  88  87  64  84  77  92  16  84  1   25  65  19  98  12  66  27  39  95  43  50  17  24  49  96  9   85  26  58  12  1   84  73  34  92  26  7   28  1   48  22  78  16  46  59  83  46  4   19  41  96  21  4   54  89  8   38  73  87  16  77  12  37  63  8   63  62  4   88 
2   48  79  64  74  98  70  99  5   29  18  61  23  14  8   45  50  45  35  84  98  22  1   17  17  82  23  17  71  0   41  45  68  59  77  25  80  23  68  34  4   33  51  75  88  70  48  73  41  37  1   47  16  31  29  96  23  67  29  50  79  65  19  3   72  52  3   52  31  98  51  99  20  56  4   82  78  65  55  75  67  7   63  48  43  3   67  81  20  99  91  52  60  97  10  74  39  67  92  41 
18  45  77  35  22  85  79  34  17  19  51  42  22  95  60  6   19  28  60  35  50  81  54  85  63  31  57  21  51  11  13  45  2   38  47  40  25  7   18  35  57  66  40  2   48  97  7   81  85  48  66  44  6   76  68  68  7   32  79  18  75  43  60  90  83  50  11  27  88  60  61  60  16  96  63  93  93  84  41  0   14  42  8   15  100 16  74  35  100 23  42  19  22  1   63  17  99  25  27  45 
17  15  35  75  88  32  89  44  0   76  12  33  63  96  34  27  29  85  36  3   47  46  46  17  84  47  69  72  61  32  30  2   19  7   95  34  21  76  40  0   60  0   28  38  70  97  29  64  22  50  1   90  61  14  91  4   16  16  25  85  86  32  42  13  20  67  68  20  94  86  31  71  86  54  62  26  54  28  0   17  78  6   2   39  27  33  29  15  68  10  27  0   39  23  19  89  60  86  93  58 
76  36  62  63  92  7   69  81  93  84  65  40  21  14  96  6   94  50  36  28  46  17  92  78  57  67  14  60  87  92  51  90  13  83  3   65  62  21  97  99  61  62  3   71  33  27  76  65  40  32  47  40  72  0   14  15  52  38  89  63  74  73  0   98  18  98  36  84  33  45  7   54  11  12  81  64  4   16  51  83  100 0   84  37  26  12  23  93  74  18  10  69  89  2   60  37  34  18  75  16 
59  80  96  54  77  74  83  27  74  33  58  38  90  1   63  86  72  60  67  86  13  53  95  41  97  99  97  28  41  69  94  68  89  41  22  81  84  11  75  76  89  42  37  81  26  80  4   69  67  38  5   100 60  59  12  51  23  78  7   8   91  57  58  15  7   47  31  15  58  25  74  21  61  63  73  21  92  43  70  58  59  50  91  38  42  36  86  14  88  88  88  68  47  39  73  8   97  64  36  81 
65  96  28  43  55  56  100 16  47  33  67  73  26  70  86  78  22  0   36  30  9   30  83  14  51  18  35  89  14  98  73  78  98  79  77  41  40  61  97  40  39  95  35  52  21  30  89  94  65  99  72  45  75  33  55  20  49  13  83  26  78  33  45  29  37  92  29  88  76  42  23  50  60  10  95  9   9   9   81  2   22  23  98  52  24  10  73  69  2   24  90  71  85  64  73  23  6   65  50  21 
12  18  39  22  1   65  15  48  26  93  27  0   58  74  34  71  39  28  91  53  80  65  29  43  11  53  54  1   71  21  46  96  62  69  18  21  3   8   84  15  94  34  40  24  40  42  88  4   57  88  87  54  33  29  48  50  75  41  51  43  68  73  13  72  5   57  15  42  52  27  58  40  60  96  60  0   52  33  4   65  77  83  71  66  36  68  63  91  17  81  52  39  61  34  60  50  53  64  45  19 
76  74  79  41  69  37  75  12  4   58  53  5   8   89  78  75  34  75  19  24  92  15  13  41  76  84  53  90  97  72  46  91  7   25  27  50  87  76  45  86  96  76  49  29  97  58  70  10  56  65  78  5   63  83  80  81  75  1   62  91  38  39  82  63  23  16  17  2   22  75  89  27  91  65  92  38  80  82  24  10  82  56  64  36  90  84  75  18  98  66  62  75  34  27  22  61  89  2   42  71 
26  12  49  82  17  91  47  62  43  5   3   66  59  76  82  65  58  85  6   8   81  75  48  71  31  1   64  74  18  0   45  26  82  57  36  83  0   86  78  0   44  38  11  72  32  97  67  25  55  67  58  82  86  97  31  17  63  80  27  31  34  86  75  24  98  60  17  31  37  57  28  25  76  3   7   19  67  13  65  17  15  94  6   71  24  59  31  100 74  91  98  30  36  2   2   3   60  68  42  86 
89  46  7   75  41  76  100 4   6   28  88  24  74  78  32  72  93  25  99  8   76  96  85  22  1   84  27  96  75  52  23  18  31  5   80  90  56  59  14  85  64  42  59  4   19  29  44  12  60  99  76  29  33  55  27  57  45  39  16  53  42  59  95  2   0   10  39  32  78  75  15  76  29  75  44  56  39  60  46  51  81  4   38  36  78  19  70  43  93  91  39  12  8   22  4   53  43  82  95  95 
48  24  8   59  54  22  13  31  81  68  87  84  57  5   45  100 28  42  18  93  49  42  100 7   62  14  31  80  94  16  11  48  6   58  93  56  63  89  33  69  49  41  97  38  1   66  72  28  42  92  14  94  31  14  65  48  16  29  84  61  82  40  6   52  5   60  34  46  60  85  24  78  47  58  92  82  80  13  34  24  71  59  65  35  81  97  31  78  55  80  6   0   34  34  65  62  49  33  51  29 
54  82  79  80  77  67  1   42  84  61  18  77  76  9   95  7   43  45  49  55  40  62  55  26  16  76  58  94  8   67  86  49  66  32  51  9   73  47  49  61  58  74  78  99  1   86  56  5   49  63  50  3   90  84  14  47  35  12  67  18  94  17  52  17  8   100 23  15  5   50  9   33  77  68  92  28  88  92  77  6   59  2   30  98  71  52  76  15  89  31  87  27  9   46  0   90  47  89  72  35 
91  65  45  1   97  88  53  2   97  36  83  12  2   78  23  25  10  30  98  95  91  73  3   94  29  10  70  43  44  11  53  84  7   71  62  35  11  14  42  98  21  58  43  80  5   100 38  79  23  63  98  13  68  18  6   8   16  6   38  25  15  0   27  24  91  28  75  13  44  94  34  66  96  41  59  30  10  48  81  72  30  82  2   37  80  77  33  21  100 85  73  96  2   4   18  80  12  45  62  46 
92  49  69  23  22  89  55  82  11  59  92  16  4   34  72  73  81  57  0   53  21  87  14  76  16  49  98  17  0   48  67  9   29  19  48  56  94  6   8   15  80  13  15  85  92  52  50  1   15  10  4   44  99  0   90  41  90  40  79  20  11  98  98  44  81  99  11  48  27  3   15  45  10  1   45  85  95  88  23  76  36  61  22  53  70  98  84  29  22  57  27  92  86  94  93  2   90  54  5   70 
82  8   29  23  75  50  51  34  27  49  28  38  74  92  59  79  34  95  11  90  87  35  62  51  56  2   57  91  74  11  10  51  22  91  43  57  31  84  1   100 79  15  27  80  71  68  58  86  75  66  4   87  33  45  39  4   65  49  1   61  49  51  55  5   54  97  34  11  48  7   26  38  21  38  61  36  39  10  60  57  99  35  91  14  53  28  2   46  58  69  88  47  2   41  59  39  60  77  46  17 
35  82  3   23  21  6   88  71  89  25  47  96  15  80  49  56  32  23  77  56  5   7   66  55  79  17  41  45  9   61  32  26  13  12  57  98  7   51  91  42  51  42  51  33  41  29  97  18  46  40  62  5   77  11  42  58  53  90  84  52  72  41  9   70  63  86  74  15  95  33  79  34  97  40  71  52  97  65  87  95  43  1   44  35  75  58  19  4   27  52  5   90  37  66  3   44  39  16  35  90 
49  7   56  80  77  4   47  42  94  54  10  96  62  53  5   22  100 49  17  58  69  40  84  87  69  10  42  45  7   13  47  20  54  94  15  71  50  94  77  5   17  75  13  36  96  77  58  4   34  3   92  55  64  32  40  75  76  47  77  11  4   80  24  46  49  4   9   92  92  22  63  1   5   61  52  25  79  18  86  59  16  62  97  96  76  38  83  72  31  52  87  1   23  98  100 40  5   46  76  28 
74  66  12  68  43  14  47  91  94  23  24  98  34  85  4   4   49  36  60  9   67  40  69  28  25  91  54  46  83  84  51  10  51  73  99  63  96  45  2   30  14  98  7   13  6   34  1   51  79  22  87  60  27  80  13  36  25  23  100 100 44  21  80  71  54  71  32  78  86  77  94  30  79  63  12  29  86  0   31  20  79  77  99  99  92  79  92  88  26  33  87  21  95  57  30  30  58  65  41  75 
57  98  95  20  21  35  2   4   62  83  2   37  63  23  30  60  47  54  53  76  44  52  20  24  47  72  43  53  73  18  18  59  9   83  84  35  21  62  67  47  38  95  77  1   63  39  85  2   6   67  78  29  28  27  91  100 18  83  98  73  66  93  26  11  63  54  24  83  42  72  97  88  95  44  45  55  83  51  85  19  79  75  19  88  47  46  42  81  38  89  77  55  75  57  30  58  59  56  5   69 
91  82  81  62  1   65  59  25  59  1   53  17  47  98  35  54  72  22  45  97  0   67  71  72  92  73  79  46  38  68  37  42  25  94  67  90  83  52  31  68  97  13  62  24  22  69  34  11  15  91  76  98  88  12  28  48  65  55  68  92  80  81  44  77  55  26  70  72  40  39  23  9   31  17  76  75  66  51  84  49  97  75  10  81  45  24  34  23  17  86  83  13  25  65  92  29  47  58  10  48 
69  79  73  33  37  81  62  78  22  88  63  0   93  83  44  23  35  48  94  25  91  66  33  93  60  51  99  61  99  74  71  63  20  23  15  4   85  71  13  48  44  25  44  53  86  28  62  23  97  51  40  79  34  52  78  47  24  92  66  73  58  38  33  17  25  60  10  44  32  13  51  46  67  68  14  13  68  49  6   47  22  4   85  38  21  63  89  19  36  22  26  75  99  69  44  11  83  80  97  69 
97  38  65  85  53  92  10  87  63  77  72  32  15  86  43  21  41  50  81  60  24  68  67  0   50  70  98  81  33  95  15  22  57  96  59  66  22  37  64  23  57  95  47  6   76  36  95  48  33  17  10  48  21  27  44  28  70  42  56  28  85  43  74  59  31  15  53  96  6   20  88  39  48  85  79  39  1   78  36  64  16  31  50  72  24  42  75  63  47  54  59  52  72  80  29  48  97  77  38  65 
63  42  75  72  58  2   33  1   66  8   64  26  83  50  92  82  7   41  99  24  14  88  17  6   73  49  65  37  26  19  97  67  88  59  46  73  73  25  72  46  76  67  9   88  84  71  71  52  2   95  12  31  74  31  93  90  28  44  49  61  64  33  64  68  53  12  77  90  57  63  15  44  38  43  88  4   6   17  38  81  74  26  83  41  91  50  1   26  73  98  4   28  64  47  49  28  28  53  2   32 
36  84  31  100 55  54  19  34  48  76  58  7   65  60  77  67  48  92  84  52  68  86  76  43  22  84  44  93  24  8   96  93  62  18  76  51  91  95  80  32  69  49  92  89  18  19  66  70  70  39  1   68  6   9   62  35  61  47  14  88  62  96  52  59  97  68  83  91  26  38  59  82  96  11  40  3   88  37  82  51  43  87  75  86  88  31  90  59  65  75  54  24  13  66  43  6   36  21  48  53 
17  80  95  35  52  90  18  84  2   32  68  98  43  56  73  34  45  74  90  30  79  64  73  71  84  65  78  41  35  30  74  49  56  31  37  7   33  71  31  45  64  23  70  19  80  71  78  82  11  70  28  52  39  93  94  80  35  100 80  22  21  6   46  2   11  82  69  82  48  64  15  43  17  56  94  100 18  70  93  25  60  94  77  84  72  83  96  85  66  8   9   59  54  34  74  38  40  79  89  38 
67  92  62  32  100 20  36  75  69  87  95  37  20  33  14  59  84  78  22  46  7   89  16  92  27  22  54  41  12  88  55  47  74  28  26  44  87  8   9   30  69  10  82  93  83  71  26  76  71  17  99  32  73  21  40  25  35  16  85  78  3   44  84  62  49  51  41  59  17  57  34  13  27  6   84  63  24  33  85  79  16  45  41  31  7   7   31  28  27  30  58  88  57  93  56  96  75  91  21  87 
98  21  21  57  51  96  8   98  14  76  99  61  3   72  99  62  97  5   73  25  29  72  89  43  73  42  72  70  38  13  79  70  89  52  81  43  49  74  80  83  27  5   78  59  9   84  15  89  18  65  58  2   63  23  34  96  25  1   9   81  9   17  87  32  77  22  23  49  48  44  37  30  13  16  87  88  13  43  92  48  30  17  70  49  12  20  86  20  11  61  25  98  30  45  75  82  16  62  27  37 
78  94  76  25  14  78  51  8   63  94  35  80  21  83  65  44  93  73  22  12  71  25  4   48  65  27  91  13  23  43  74  57  22  82  16  49  20  64  96  44  7   82  4   35  54  98  3   89  85  59  39  22  45  19  56  96  6   51  82  99  35  67  65  84  9   64  5   67  46  6   36  94  51  0   57  57  97  29  4   98  21  63  27  31  69  7   62  74  53  96  2   92  45  15  50  15  87  94  67  41 
58  21  52  32  83  69  16  98  35  2   41  78  50  35  88  92  25  81  63  73  95  100 97  52  54  9   81  61  92  47  83  17  57  39  48  97  23  33  86  27  6   8   15  77  49  30  86  83  28  48  30  42  62  92  57  7   24  59  70  21  86  22  74  95  60  46  53  72  99  68  19  25  72  0   87  65  95  42  87  81  16  21  83  54  48  5   36  29  50  20  19  66  72  17  89  99  46  30  80  92 
6   48  53  61  25  23  27  78  67  29  46  10  76  42  40  65  46  79  39  77  43  88  73  4   28  68  72  84  79  64  37  2   53  36  58  27  51  74  18  70  86  21  62  78  79  65  11  32  41  53  49  78  80  16  23  70  69  58  14  64  68  32  23  10  45  87  93  48  48  93  62  26  87  72  100 90  69  55  65  45  91  13  20  73  94  68  88  62  70  86  92  1   1   87  48  65  80  25  46  21 
25  80  6   43  49  65  74  19  44  99  72  72  36  7   97  13  36  63  28  63  92  82  5   10  64  1   97  78  70  80  18  23  67  33  1   54  42  57  16  24  54  94  81  78  24  98  42  45  72  19  61  10  76  24  22  19  79  78  34  58  86  42  16  55  72  88  77  77  5   97  51  58  71  36  73  60  93  2   81  71  68  83  95  84  6   62  30  63  10  80  86  7   27  92  3   37  9   79  87  85 
22  21  38  45  49  35  35  81  37  93  57  3   73  73  42  36  31  62  48  63  43  83  7   28  99  6   25  19  98  60  71  93  54  24  48  83  27  36  77  66  14  14  26  56  63  90  85  93  27  2   78  5   42  48  55  94  47  7   4   84  71  90  16  12  3   87  32  71  97  39  52  60  5   63  5   41  56  19  82  28  28  63  14  78  74  8   88  56  39  60  25  29  59  83  3   86  45  71  57  96 
82  94  41  76  71  42  5   93  13  97  84  56  6   66  45  10  16  87  42  20  58  40  34  84  19  4   85  89  5   62  55  27  55  66  61  75  13  21  84  98  72  37  0   5   94  19  78  84  16  28  59  84  18  55  28  30  44  94  61  42  76  61  31  98  93  48  66  54  64  97  79  66  0   77  4   57  42  10  95  80  86  91  80  78  84  42  23  28  5   69  58  57  1   92  68  1   26  47  17  8  
95  57  89  17  35  42  1   26  51  81  66  16  94  94  65  51  58  8   57  96  35  52  13  93  16  41  22  100 73  87  8   49  49  45  53  38  16  13  97  99  32  89  1   75  68  73  95  94  93  71  99  63  96  32  32  24  74  53  70  15  70  24  82  36  92  95  86  55  18  68  12  73  48  1   24  22  48  18  59  4   57  65  46  52  33  14  91  52  5   6   85  64  16  45  1   30  42  87  2   29 
38  86  7   41  30  69  58  7   75  92  59  35  17  9   74  97  9   93  59  31  6   46  46  99  56  90  16  28  19  21  34  14  76  62  65  38  59  64  28  7   74  54  66  48  58  29  10  53  12  0   69  64  88  69  75  48  42  81  52  78  98  67  90  9   4   20  75  81  22  28  94  32  48  80  30  80  11  53  50  42  66  59  56  45  14  46  21  26  48  46  41  34  82  32  58  54  17  47  73  97 
56  1   55  77  15  91  85  73  38  87  86  57  79  55  9   97  27  4   21  56  2   15  26  89  64  53  95  48  52  62  7   31  34  84  24  35  40  39  92  0   96  26  80  16  71  90  31  47  36  0   59  100 57  50  79  3   73  54  34  39  98  40  80  86  57  25  88  84  43  46  96  81  67  90  56  89  44  76  7   36  20  27  74  64  49  90  63  90  33  90  24  66  33  22  92  87  36  26  33  26 
59  46  54  10  84  22  71  46  65  63  29  7   82  18  11  60  50  66  23  66  71  26  44  49  61  5   45  57  1   87  61  91  64  94  79  13  13  56  98  78  88  16  92  84  63  9   90  66  85  45  11  25  53  40  56  96  99  98  84  47  60  83  36  38  81  93  39  65  10  2   30  26  95  8   82  99  25  40  26  8   73  64  54  8   77  94  44  7   87  92  86  80  25  85  13  57  26  35  94  30 
29  11  98  66  23  45  79  7   78  14  84  32  19  12  11  78  18  37  3   87  92  46  34  45  16  1   90  19  55  77  20  10  89  87  87  43  11  17  91  15  74  45  13  57  82  98  38  0   64  36  81  89  0   7   36  87  82  75  94  39  14  34  65  29  92  7   30  1   72  31  84  67  18  75  20  44  30  10  64  70  48  94  67  0   71  95  89  6   51  41  86  14  55  98  77  85  75  94  49  4  
85  16  71  87  41  57  64  89  18  83  15  17  60  85  70  53  16  76  31  34  66  96  0   17  14  9   91  84  1   36  30  21  15  52  39  80  0   77  81  54  49  78  29  10  9   20  76  17  80  83  23  48  48  96  30  86  56  30  45  50  84  93  64  36  53  91  3   1   31  37  5   97  33  12  38  49  0   42  55  56  17  51  71  29  97  71  15  5   1   94  35  11  53  90  10  10  30  43  79  89 
47  45  19  1   94  82  100 15  15  45  66  96  96  5   40  19  33  74  96  91  68  42  39  44  96  100 27  0   47  18  48  52  2   26  0   91  69  41  33  89  99  40  60  55  7   76  65  9   2   87  40  58  53  11  51  42  58  77  32  96  99  43  89  74  69  80  97  18  18  17  66  64  30  49  66  30  47  61  66  61  26  65  27  11  68  63  25  70  59  64  63  63  97  65  14  92  8   96  58  25 
63  10  25  16  7   49  59  48  1   32  38  18  10  75  99  86  68  72  59  84  14  51  27  8   95  29  73  81  10  49  25  77  86  62  40  40  5   68  14  79  14  83  40  72  49  13  40  46  88  100 17  78  82  64  8   82  1   50  17  63  70  35  87  11  23  100 32  12  35  34  51  63  35  100 24  2   51  67  5   76  17  6   40  19  71  12  1   62  37  77  74  60  0   14  63  52  12  36  26  19 
87  85  52  4   100 43  98  76  14  11  22  59  57  70  44  93  22  93  97  14  79  78  94  0   52  99  50  37  94  44  48  37  69  89  77  23  27  1   55  62  39  18  25  11  99  73  9   54  3   63  23  64  70  0   5   28  55  6   16  19  90  9   41  71  19  57  89  71  89  85  0   98  79  32  72  42  16  91  94  51  46  75  16  97  15  34  60  77  25  60  45  23  32  72  96  1   30  81  60  30 
54  0   78  19  31  100 37  9   31  7   35  71  33  81  4   4   56  36  45  25  100 55  36  23  75  52  80  97  74  50  58  56  27  28  60  56  97  47  28  86  34  79  56  42  95  29  19  15  89  12  25  5   57  4   54  43  94  37  37  75  19  31  10  2   92  46  2   16  3   6   61  39  48  46  31  4   57  100 28  25  94  53  69  25  5   83  34  12  22  89  1   41  87  75  16  50  32  54  67  59 
57  20  50  45  13  89  97  74  3   5   81  23  84  65  36  78  16  91  64  15  72  3   10  3   9   4   64  89  76  22  68  76  84  62  18  13  15  8   58  80  77  90  62  4   68  53  89  35  47  39  70  97  1   38  36  64  78  50  49  8   70  78  55  35  26  22  81  87  84  78  80  58  2   54  93  94  66  1   97  78  19  98  72  85  35  15  100 68  48  69  18  19  78  41  5   70  20  94  85  61 
32  46  99  39  50  8   42  33  77  90  77  44  36  62  20  55  64  12  67  13  98  84  78  32  84  38  43  50  62  11  27  91  68  78  63  57  10  63  23  21  44  33  55  21  35  99  68  40  48  61  9   35  69  3   61  4   74  73  17  3   84  17  67  67  71  76  57  97  15  85  31  19  0   19  42  37  52  41  97  54  62  66  71  65  1   56  100 3   14  24  27  66  20  39  84  49  72  77  66  9  
80  96  49  86  68  71  44  82  94  91  19  50  16  71  75  68  65  49  58  33  88  33  43  94  80  69  35  82  83  65  25  99  11  95  22  27  78  56  97  31  24  25  66  4   23  37  33  30  38  15  83  19  99  40  10  11  93  5   82  34  47  94  31  84  91  62  68  49  70  61  89  58  91  56  95  91  69  6   40  99  43  61  12  84  24  66  53  34  62  68  26  98  66  90  27  72  29  71  59  11 
29  79  54  82  15  50  67  32  6   56  25  65  5   0   40  19  76  53  65  46  21  62  31  16  90  100 74  33  39  86  53  17  3   73  83  68  99  1   76  38  77  81  18  60  62  35  92  51  18  98  10  41  39  21  11  17  16  69  50  22  88  12  26  32  23  82  28  74  61  94  9   19  27  21  98  58  52  81  51  9   47  69  19  42  91  84  82  77  28  87  83  13  32  58  26  91  26  42  73  86 
80  73  8   53  2   7   98  37  29  75  48  45  15  15  60  18  98  38  77  14  80  39  39  91  100 52  12  86  63  40  0   62  3   6   100 54  38  6   94  19  28  36  43  64  20  39  7   13  2   62  75  96  47  42  2   74  16  22  92  83  26  32  0   11  97  11  7   26  54  85  49  52  99  67  3   7   18  39  51  46  79  87  66  82  89  14  16  39  95  56  87  80  61  13  7   30  79  30  21  29 
58  93  39  57  70  34  69  50  30  60  34  0   72  58  88  46  68  12  72  54  20  23  23  89  3   70  48  99  97  62  90  85  48  65  82  74  66  56  65  34  54  78  18  72  78  63  81  51  28  40  55  39  55  77  45  44  62  54  86  71  1   80  99  69  63  7   91  89  40  72  47  81  7   65  49  83  91  2   54  78  23  74  93  31  50  82  41  16  34  71  4   89  22  87  86  54  78  35  1   32 
96  44  6   65  73  26  40  97  27  62  33  18  54  65  65  29  75  3   76  40  37  59  25  3   65  8   91  59  95  15  72  74  37  96  15  94  5   22  48  20  11  45  68  20  7   42  100 29  22  90  1   1   57  24  4   76  69  20  31  35  88  97  0   50  14  23  67  79  18  10  84  55  33  17  0   13  21  50  65  79  12  30  65  41  21  26  16  24  76  81  61  85  100 76  65  9   73  89  0   31 
97  1   90  72  9   95  72  8   93  29  58  27  64  11  25  14  58  8   62  43  36  10  100 19  63  94  38  92  94  82  65  20  52  2   92  85  79  95  64  29  26  56  20  48  33  44  94  19  83  51  35  56  15  38  89  33  95  70  19  53  81  21  72  59  43  47  14  51  84  63  40  32  31  54  32  80  11  99  38  92  66  47  75  95  89  96  12  13  54  0   14  12  76  71  82  91  30  37  36  86 
52  22  21  54  90  86  73  88  81  39  18  8   52  25  87  10  29  69  26  17  49  78  29  43  44  76  35  35  15  67  18  35  89  33  88  96  4   99  66  91  5   34  8   33  68  14  36  47  91  39  99  68  22  46  94  43  11  74  58  83  41  15  89  81  16  45  18  47  84  18  3   62  79  31  19  55  64  54  60  11  83  41  60  32  28  32  72  17  73  86  66  10  13  75  18  45  45  73  94  16 
68  65  85  67  78  95  51  62  10  27  36  9   66  72  88  80  61  29  38  50  29  10  100 82  44  3   62  46  50  53  44  44  99  88  55  4   47  21  74  92  45  40  38  43  52  99  26  53  10  32  24  11  48  54  58  39  58  48  22  93  16  81  60  79  29  22  37  89  10  23  60  74  56  79  71  79  99  86  2   94  88  46  36  68  77  25  76  90  6   99  11  10  80  20  29  11  11  8   87  70 
14  61  51  57  94  0   98  61  12  35  39  3   32  38  19  56  38  11  82  84  64  55  28  65  50  40  69  67  40  39  73  67  99  93  20  90  40  8   6   27  68  13  22  36  42  64  92  44  63  55  17  56  7   5   82  6   82  57  82  23  87  87  59  12  69  19  32  73  49  69  23  43  61  79  80  20  90  5   18  1   26  77  0   3   44  1   83  79  45  26  65  47  18  14  59  80  79  0   52  61 
36  3   90  39  99  36  90  60  14  49  16  33  68  88  12  61  42  89  31  14  7   81  45  54  93  7   65  91  25  56  92  15  77  90  26  93  20  6   6   19  81  61  37  60  14  98  21  43  0   75  61  55  96  63  69  14  31  88  60  88  75  60  19  46  24  29  28  3   52  1   89  27  22  49  20  66  94  15  73  57  60  16  66  94  51  80  71  78  29  37  37  33  18  29  16  13  31  75  7   68 
92  69  65  67  64  87  36  41  58  87  41  65  97  13  79  79  42  3   20  87  47  22  34  48  22  1   23  69  37  99  81  36  22  55  1   30  45  38  57  86  99  60  62  5   51  13  38  4   15  70  19  78  48  14  13  90  75  44  2   0   8   23  9   25  47  24  8   53  92  19  6   76  23  31  0   49  26  81  25  34  29  46  77  49  58  78  7   63  61  53  43  25  85  97  9   6   36  34  3   65 
22  72  82  20  58  64  97  49  35  98  40  22  44  16  99  46  2   11  53  39  49  59  44  71  15  18  92  6   86  20  25  91  9   1   86  17  92  85  7   36  48  79  86  70  11  9   49  61  44  87  27  26  99  49  88  31  2   69  69  91  81  71  38  35  17  34  0   25  42  61  35  9   16  57  47  83  49  43  45  95  3   59  44  65  84  86  29  5   7   44  54  55  3   30  79  78  47  37  76  43 
64  4   35  80  8   21  90  97  67  86  29  53  79  33  10  12  77  100 20  49  60  84  8   43  80  95  80  58  88  22  48  98  43  20  75  76  10  66  90  54  44  85  9   56  13  12  48  14  27  70  37  49  80  68  25  50  78  30  43  50  23  47  84  84  13  25  85  28  49  27  57  14  18  37  65  47  61  67  97  49  55  76  43  80  44  94  92  100 73  23  89  64  9   88  65  40  16  31  80  30 
67  74  27  47  42  27  28  39  30  25  1   80  41  20  69  89  71  29  73  32  39  30  35  85  45  27  82  69  51  89  37  2   86  42  56  67  25  20  80  82  57  87  15  58  93  66  55  18  40  24  57  50  17  90  66  56  50  59  95  70  47  92  65  12  56  71  0   88  54  93  20  82  52  100 18  37  85  0   24  17  75  8   90  25  18  24  5   14  22  6   78  85  56  38  98  36  52  19  59  40 
8   67  6   9   63  60  50  50  16  18  40  78  28  100 8   63  74  11  59  56  94  40  40  83  68  88  40  93  95  31  1   88  92  65  64  14  35  40  95  93  1   42  5   68  66  70  1   82  69  19  27  82  22  15  94  55  40  0   29  65  7   76  53  19  9   81  85  66  82  90  87  65  49  43  73  77  4   57  1   39  65  49  81  81  38  9   5   43  29  29  77  42  79  2   78  16  85  46  28  90 
75  40  37  3   2   20  42  59  34  57  84  73  82  41  63  54  92  75  93  30  39  76  55  44  44  60  37  72  67  34  98  33  29  39  77  2   88  94  14  2   58  57  30  4   47  48  41  38  89  94  22  53  27  30  44  54  88  81  39  51  75  50  35  96  31  83  63  2   64  40  79  45  32  47  83  57  20  35  75  38  88  71  33  38  96  50  10  44  46  54  47  40  91  45  35  51  35  70  34  49 
80  32  41  51  98  42  91  2   59  52  50  39  63  32  89  58  90  14  15  93  95  61  31  100 72  77  97  59  75  16  56  0   28  81  27  28  11  44  43  74  81  99  52  72  87  64  69  94  97  58  30  39  79  35  32  44  35  70  36  24  90  14  71  61  44  22  83  93  64  59  77  63  74  49  71  93  41  65  82  46  28  59  85  41  32  41  5   19  50  96  55  59  42  46  98  85  9   4   84  80 
4   38  45  71  84  43  44  10  92  79  52  17  71  19  81  66  67  29  29  14  8   5   93  8   81  6   35  80  60  90  11  98  27  88  7   68  21  78  91  22  15  73  65  58  78  23  83  45  75  92  31  64  79  12  73  54  56  97  89  92  14  23  30  9   37  51  35  93  6   84  3   16  90  5   17  1   81  26  85  18  17  72  51  80  64  48  32  5   32  1   68  45  61  71  31  12  31  97  38  39 
44  16  4   45  46  34  69  79  24  59  49  80  9   51  68  77  77  18  98  84  57  8   42  88  11  1   22  42  39  51  23  63  15  21  15  21  33  3   35  62  52  19  59  63  0   49  53  81  99  90  43  15  91  79  15  53  77  90  63  59  33  19  77  64  50  96  4   68  33  80  73  82  95  11  8   18  40  50  65  87  82  90  14  50  69  95  81  66  88  31  80  3   81  5   52  22  20  98  0   24 
1   57  58  17  57  59  26  78  83  48  13  29  69  8   24  68  69  60  62  92  64  70  65  0   19  5   3   31  86  28  93  90  52  65  7   81  54  21  38  3   37  79  1   51  25  31  53  77  49  3   43  2   32  90  10  74  82  67  16  99  8   47  24  75  69  21  55  84  2   42  51  42  42  38  38  97  63  95  88  82  39  76  4   44  93  93  21  56  25  41  19  21  86  37  35  7   79  89  76  17 
76  11  70  25  0   85  27  59  29  15  30  67  65  76  38  41  23  55  98  19  69  64  30  63  37  51  36  45  10  11  78  60  57  98  15  56  78  43  92  95  79  22  33  17  16  97  86  78  97  20  54  27  48  48  70  2   83  33  49  50  15  11  78  75  29  11  38  14  83  24  19  21  44  21  26  69  64  90  47  85  43  29  24  42  47  38  76  30  48  46  38  60  78  4   66  51  44  30  2   76 
29  18  72  65  50  97  54  72  57  83  21  71  28  85  29  63  78  19  63  85  16  58  4   70  80  18  23  37  45  48  34  6   96  52  49  36  93  5   6   68  30  40  14  92  93  65  10  2   87  82  48  43  24  11  73  14  100 75  44  58  3   76  70  13  8   25  96  93  93  0   67  34  21  39  70  4   98  39  63  14  86  54  23  100 44  1   16  35  80  92  76  87  17  100 68  68  24  11  63  96 
100 3   16  20  32  38  17  94  77  48  26  83  26  98  27  96  93  8   10  24  27  88  53  86  14  1   0   49  38  55  2   65  92  59  54  33  54  22  20  96  95  46  82  18  24  9   100 65  67  38  50  48  82  35  76  24  17  3   66  69  91  65  65  44  24  53  4   72  67  24  19  10  26  27  30  31  23  46  2   12  38  33  97  91  12  92  25  76  51  97  9   48  37  54  30  4   66  46  22  93 
32  9   81  72  65  22  95  12  29  93  19  20  83  54  24  88  63  57  21  5   2   13  28  98  77  29  43  59  32  81  42  97  19  89  8   50  17  87  58  79  47  96  96  44  56  84  47  28  21  86  39  25  51  50  1   95  28  41  53  80  73  56  32  35  39  44  16  39  90  49  43  57  86  84  14  18  84  64  6   34  40  16  86  5   60  63  39  50  32  95  98  86  75  1   88  43  43  89  83  35 
29  79  55  85  73  53  39  5   36  38  60  85  13  44  75  91  30  99  60  25  38  4   75  14  11  72  98  3   79  46  31  54  14  48  86  30  84  69  61  100 11  64  23  74  60  50  87  86  16  32  23  97  81  96  19  7   6   37  98  33  58  22  28  72  58  31  78  79  25  29  99  66  11  56  67  59  53  16  26  60  44  80  27  28  1   78  100 99  9   30  30  55  90  39  85  85  6   68  58  67 
92  5   78  47  5   39  27  59  83  33  79  68  46  46  24  64  14  36  94  39  22  16  48  14  67  58  8   38  77  70  70  93  45  16  28  84  75  62  41  32  24  26  90  2   13  82  41  89  54  7   56  13  57  38  86  28  98  6   47  65  65  38  79  8   54  24  71  28  84  45  39  1   69  2   51  54  82  23  23  66  21  43  44  51  26  99  67  86  29  57  63  5   25  52  17  53  54  92  60  67 
