100 100
27  13  26  11  22  66  59  41  82  100 1   93  76  57  23  71  49  5   30  48  9   73  67  55  19  79  80  25  44  4   77  88  90  22  11  12  47  32  0   99  23  49  69  23  14  65  17  89  38  89  67  39  97  13  63  75  24  80  45  20  25  7   100 34  76  4   79  24  44  7   7   44  42  38  39  24  1   37  98  17  38  31  94  83  52  81  97  58  90  70  62  30  33  89  72  73  97  56  20  51 
68  24  92  24  0   65  46  81  87  33  9   26  55  41  22  38  19  8   54  36  72  76  82  97  53  15  28  46  97  9   87  18  53  19  25  19  11  6   75  39  54  22  11  0   91  48  34  34  98  85  18  4   79  25  21  17  49  28  13  38  2   20  67  68  61  93  39  2   69  96  28  75  23  45  43  82  98  95  29  78  15  33  64  68  9   77  65  45  62  35  57  34  60  88  65  82  34  43  97  60 
72  51  80  99  38  53  58  77  31  23  0   85  19  43  55  82  41  56  50  17  31  7   43  23  14  74  29  61  19  52  15  37  4   99  92  52  22  21  82  92  33  20  53  58  36  51  28  6   66  31  71  57  23  4   40  32  71  30  81  57  62  30  50  48  96  45  95  75  53  91  52  99  24  51  73  37  1   12  33  33  27  63  11  11  52  0   24  88  45  89  64  10  73  24  16  29  91  68  96  77 
14  12  21  73  100 89  80  77  41  2   23  63  31  15  9   63  72  72  9   29  76  22  13  79  27  57  9   94  67  36  86  94  89  45  84  83  50  72  79  24  32  28  80  41  0   24  0   39  78  38  62  69  2   52  25  58  21  45  2   78  61  90  63  87  12  76  3   87  8   67  76  96  7   17  98  98  82  20  41  96  6   53  86  57  54  11  43  42  12  12  32  49  29  86  75  95  72  12  20  58 
59  33  45  98  4   44  72  54  33  86  35  57  78  69  93  48  50  57  21  51  27  90  29  93  33  94  76  55  66  71  50  75  86  32  77  22  81  84  45  36  41  87  13  84  19  82  28  79  79  86  69  36  41  23  44  39  38  35  96  84  48  29  3   22  27  24  77  23  95  54  2   4   79  3   39  34  54  29  53  23  76  74  100 80  68  8   33  50  21  64  27  39  50  64  60  54  85  38  44  60 
79  78  36  45  30  67  91  75  26  26  34  77  55  78  99  8   54  1   0   81  66  96  31  81  87  65  19  33  32  28  66  61  86  76  62  34  63  9   43  57  74  19  74  44  52  60  75  53  53  79  2   45  90  40  45  81  9   58  43  18  21  100 39  59  38  41  18  44  76  59  30  12  11  58  69  22  52  25  45  65  77  86  66  53  49  96  58  0   14  8   27  4   46  8   66  27  31  77  93  58 
26  14  32  5   56  0   14  13  98  79  80  75  41  26  79  80  72  61  17  38  83  80  42  11  47  29  75  13  46  39  98  86  50  63  91  2   94  5   85  67  97  60  26  31  63  90  41  24  62  27  25  16  20  0   49  64  68  15  1   30  65  79  33  66  30  36  5   24  76  59  94  27  47  63  71  76  96  1   57  60  54  87  28  38  45  0   23  32  27  89  28  12  80  90  20  69  84  82  42  94 
43  79  78  39  44  79  35  63  88  97  78  6   5   35  91  50  25  23  31  8   96  98  36  86  94  67  0   67  55  9   23  98  14  55  53  75  68  14  43  82  48  47  76  52  93  99  91  80  30  70  0   14  37  64  98  98  22  44  30  94  67  35  42  18  64  73  39  58  2   73  2   9   2   43  100 73  4   6   48  15  31  54  100 75  2   44  23  32  78  17  60  57  10  19  91  11  99  68  80  76 
39  81  76  83  70  84  59  59  55  66  18  40  58  57  32  22  98  3   45  30  75  53  100 13  38  72  62  54  49  22  99  46  45  83  24  78  12  43  44  43  49  65  83  36  87  89  97  23  33  18  98  10  75  7   16  16  77  92  47  27  63  36  58  14  43  55  61  92  25  39  55  38  79  81  33  17  61  24  9   59  66  54  95  23  19  30  81  33  62  60  78  98  5   43  69  18  20  96  83  25 
70  96  76  87  87  84  86  0   34  6   1   25  1   60  32  73  87  48  6   98  27  19  14  72  67  32  65  18  54  78  58  6   48  33  14  96  55  47  63  39  5   59  1   31  36  57  99  8   29  23  100 34  78  55  44  60  87  91  99  17  56  13  48  0   65  81  13  10  54  40  25  79  67  49  85  59  92  98  67  75  57  79  22  56  73  73  4   16  70  2   72  7   46  53  25  87  40  80  51  78 
59  53  54  21  9   56  63  24  76  83  100 47  72  14  54  8   3   87  42  17  82  51  63  4   7   27  87  54  70  77  61  61  34  79  42  18  39  90  34  47  45  58  17  11  21  0   97  32  82  3   88  94  75  3   83  73  3   73  44  48  71  48  65  95  63  22  64  50  27  35  21  5   92  16  50  38  74  1   66  46  10  5   86  43  76  100 11  7   12  77  69  71  10  78  100 35  21  82  24  30 
57  87  80  31  59  69  28  46  74  98  89  53  92  6   68  66  52  66  91  99  20  27  47  90  92  42  0   44  41  37  59  44  84  44  25  57  69  17  55  38  49  64  49  45  14  6   75  29  100 31  76  48  28  26  93  61  60  37  5   91  78  83  98  41  94  9   3   75  2   57  11  4   64  83  54  23  17  6   77  82  22  48  46  39  81  39  27  91  78  3   34  31  47  10  14  19  25  69  22  48 
12  35  63  4   95  3   83  21  96  32  18  7   69  30  77  25  46  84  71  76  16  97  94  70  78  29  61  13  72  94  52  96  43  99  72  95  72  72  19  100 50  28  42  30  13  40  87  63  71  74  11  55  62  39  85  75  86  28  64  23  90  97  6   5   24  15  75  49  96  23  95  0   32  58  43  71  67  84  18  37  5   30  39  22  40  10  50  39  100 98  59  82  33  65  28  29  59  96  22  26 
77  92  83  56  86  31  83  30  94  82  63  81  8   92  3   13  44  68  33  71  34  72  61  37  31  76  24  68  78  93  13  77  32  72  38  75  86  18  8   59  34  97  75  98  58  99  29  31  34  4   24  3   25  26  87  16  51  99  8   38  32  81  88  93  99  36  94  21  6   100 65  23  85  18  62  38  46  58  62  17  84  30  12  17  17  2   99  91  100 33  39  93  86  48  27  71  60  25  19  59 
16  70  85  53  16  19  35  10  17  63  3   57  39  86  2   12  47  58  86  5   51  6   32  87  90  1   9   61  88  72  48  12  63  44  9   96  44  76  86  25  63  29  82  63  63  83  47  15  52  91  91  60  75  46  71  99  79  91  46  43  35  71  70  78  14  10  5   91  6   90  19  46  19  96  5   7   25  9   71  94  81  60  67  74  54  25  88  92  66  1   45  86  19  85  56  39  7   30  31  63 
66  27  9   77  22  40  6   79  63  42  15  100 48  34  82  14  70  3   19  43  24  50  11  26  48  56  61  11  29  91  34  32  64  2   91  92  28  9   98  44  11  74  55  33  49  88  28  73  50  78  38  97  36  25  10  53  77  55  6   36  60  13  63  21  17  22  71  74  2   7   55  26  9   71  88  28  48  38  93  14  23  2   57  75  40  64  47  20  78  91  98  3   32  57  81  62  30  14  94  67 
27  96  8   86  4   67  74  86  38  88  66  54  57  76  17  72  16  19  63  90  99  37  6   26  81  6   7   94  5   13  18  49  94  40  7   56  83  2   51  55  89  66  41  22  88  7   66  8   75  46  28  0   84  66  40  51  26  30  4   29  87  78  31  24  11  24  6   90  83  10  23  70  55  86  75  0   97  98  98  37  9   91  83  31  30  63  91  63  82  75  6   72  26  12  42  67  14  15  50  12 
60  84  39  30  92  51  22  24  60  23  1   32  23  88  33  67  36  53  41  87  2   28  29  80  28  5   45  48  63  7   22  27  80  23  97  60  23  22  91  63  2   42  31  38  30  36  23  51  90  16  73  3   24  19  9   23  85  86  8   64  99  29  63  91  52  93  16  6   39  57  24  95  3   92  74  94  78  39  35  53  6   33  31  36  12  63  16  51  47  21  63  51  33  72  51  54  66  58  57  55 
66  29  31  54  13  97  26  59  41  83  89  90  28  79  26  81  31  82  69  41  14  29  13  31  4   15  98  43  98  8   91  76  32  35  2   74  55  79  66  73  57  97  80  51  48  67  88  42  8   88  29  90  97  20  100 24  31  17  45  68  53  76  89  15  77  80  72  19  72  72  96  91  75  30  47  74  45  73  72  60  47  55  49  49  83  63  15  69  36  81  64  13  38  59  28  18  47  43  34  80 
7   6   80  68  86  24  29  72  3   16  83  58  74  22  63  8   55  85  66  29  17  72  52  13  32  43  82  92  46  38  72  77  91  3   52  59  37  66  55  81  76  46  35  4   17  64  16  51  36  55  30  28  62  51  59  68  97  49  13  4   41  20  26  98  52  37  27  1   51  52  53  85  25  58  2   100 6   60  91  23  98  13  55  92  73  74  23  30  54  3   78  80  77  45  61  44  12  5   67  23 
10  37  75  42  77  55  70  30  98  81  77  54  50  83  55  96  17  43  79  7   97  26  8   94  78  17  11  80  8   100 31  35  32  72  75  52  16  7   76  98  2   81  48  96  18  69  44  41  55  45  32  39  81  69  33  45  47  43  43  68  52  86  46  22  43  51  19  86  97  55  76  54  14  63  54  92  100 83  30  6   46  74  68  46  47  62  1   53  43  50  68  29  50  99  46  75  54  93  68  1  
31  41  53  5   55  67  62  82  95  45  46  49  72  74  77  18  30  85  47  46  54  93  20  38  16  15  17  96  38  9   31  3   8   11  76  30  22  33  95  21  29  62  32  69  2   52  1   17  11  14  64  24  72  80  51  13  74  21  93  64  90  39  100 20  93  70  47  96  93  67  98  36  73  66  53  43  12  95  95  14  24  88  8   30  93  28  89  6   92  36  51  20  85  40  81  33  95  83  25  21 
61  73  19  20  5   35  55  34  70  27  58  88  43  52  26  55  45  56  85  54  17  47  31  26  20  48  38  51  57  63  86  59  34  52  27  94  10  79  37  31  26  71  94  77  56  59  33  17  66  50  58  47  68  96  27  17  29  51  61  90  21  53  2   64  3   49  2   65  9   34  52  17  51  86  54  81  73  9   25  89  2   19  16  60  17  1   26  19  90  10  42  47  40  30  94  83  39  62  0   51 
100 43  72  43  30  80  55  58  66  4   77  39  45  3   14  71  71  91  69  17  47  41  57  93  62  75  90  65  55  90  73  16  36  7   4   65  79  35  69  21  45  39  41  33  62  63  35  65  90  86  11  15  98  83  34  6   76  65  59  96  12  71  17  5   27  13  15  88  96  48  78  59  45  54  78  76  44  25  97  51  9   86  79  11  92  49  75  28  7   34  3   66  91  79  19  12  98  44  74  58 
58  98  64  57  10  19  83  81  15  99  67  2   56  26  53  59  46  49  51  87  91  22  72  59  25  4   77  2   43  47  86  26  48  18  50  77  43  24  28  4   17  58  53  5   54  67  0   63  56  89  75  47  43  23  6   83  81  82  21  63  10  6   39  42  50  24  87  13  95  54  34  83  10  68  75  25  63  17  73  86  38  39  74  30  6   77  28  51  42  96  30  31  5   31  6   48  99  52  65  26 
72  25  61  33  57  80  39  85  0   0   21  80  33  6   64  74  47  40  73  92  36  88  25  23  48  0   48  20  23  1   65  98  17  98  2   96  21  1   46  40  84  82  50  91  17  20  34  76  26  31  72  41  28  57  7   98  14  84  70  9   53  96  45  45  74  4   37  95  3   77  25  58  46  72  7   24  62  11  16  87  83  51  6   1   18  17  33  100 71  19  41  81  55  17  61  87  22  35  8   60 
71  91  0   65  23  14  13  94  62  48  78  21  0   33  65  35  47  40  56  53  45  51  87  81  39  8   84  51  36  77  37  49  48  47  40  77  47  89  41  75  18  65  69  7   74  96  0   48  77  45  24  72  25  87  19  56  93  36  49  56  41  50  77  36  97  32  36  78  54  26  17  96  82  1   13  90  67  81  55  82  23  76  65  35  89  0   58  3   68  46  63  15  48  44  96  3   44  16  62  5  
36  17  54  43  13  21  93  81  51  73  66  21  64  83  43  7   14  11  52  7   26  100 40  3   0   24  68  53  95  98  9   50  39  87  30  71  94  21  53  36  16  23  50  54  23  61  8   38  13  80  0   20  57  86  91  4   86  26  79  87  80  28  55  92  24  94  19  71  77  12  100 89  58  36  11  69  9   50  53  52  79  89  39  56  73  33  35  23  60  38  11  18  51  86  36  2   29  75  63  32 
20  97  73  95  11  52  28  79  90  82  85  43  55  26  97  99  73  44  98  74  77  63  82  38  58  48  41  14  27  16  89  88  51  49  68  95  34  5   19  25  16  50  86  24  34  30  99  43  29  83  80  44  83  37  88  40  6   92  26  81  42  44  65  64  57  52  35  26  60  33  38  56  47  39  83  66  56  50  17  83  29  69  16  6   62  48  24  76  57  96  69  56  12  70  81  52  12  0   46  5  
42  43  75  79  80  92  30  59  54  42  46  44  58  90  99  84  74  2   89  56  33  24  88  14  28  41  67  65  32  99  76  54  49  46  55  18  42  62  26  75  3   78  54  67  22  58  58  62  40  45  14  8   95  7   46  57  89  81  9   63  78  49  43  81  99  76  11  64  57  98  16  7   29  87  14  38  36  90  41  51  48  81  3   21  57  58  50  29  89  35  67  54  51  16  0   46  71  55  9   61 
33  13  100 93  3   95  73  48  79  59  82  82  56  24  78  99  39  86  80  59  27  22  61  40  53  60  88  55  16  10  14  57  98  92  45  5   45  11  61  8   90  33  34  25  84  29  86  73  75  91  66  70  92  25  23  89  5   96  49  79  28  46  58  81  83  56  51  97  8   21  31  81  27  58  62  90  90  48  47  60  45  24  28  38  26  23  85  13  63  4   59  53  76  51  14  66  56  46  16  33 
49  64  98  1   99  58  13  54  65  39  91  0   100 89  43  48  97  47  100 78  24  72  5   44  71  15  40  28  6   50  88  23  55  64  26  24  58  13  60  81  90  79  32  76  44  51  1   5   50  78  16  42  35  67  62  51  91  8   62  95  32  12  48  67  33  30  62  64  69  62  38  75  88  25  72  100 5   35  12  95  47  31  54  17  3   52  89  42  9   25  24  52  63  28  2   90  0   13  75  27 
27  88  89  80  68  14  94  72  16  71  8   39  56  53  10  81  1   82  57  95  16  67  14  59  20  56  100 53  81  62  79  40  51  12  27  67  10  30  18  38  54  65  74  30  35  100 20  32  34  46  36  23  80  76  97  21  40  3   35  95  15  7   53  9   69  41  92  60  30  1   81  55  79  90  43  18  79  28  93  37  16  62  86  51  46  95  64  2   65  28  38  28  64  75  63  58  43  43  73  67 
100 87  90  82  32  27  45  87  61  57  90  65  78  54  22  10  11  6   4   84  96  22  20  44  32  35  86  59  5   81  69  53  25  73  45  27  25  66  25  58  13  79  1   78  3   69  88  68  76  100 65  74  7   24  85  66  2   51  62  71  14  74  41  38  3   3   15  95  24  15  100 31  47  55  85  87  61  1   17  12  27  12  68  27  0   45  17  30  100 25  91  12  26  34  2   69  23  86  52  12 
36  26  90  100 56  23  6   43  14  44  37  55  1   39  39  25  84  16  93  14  75  88  96  83  55  87  28  70  39  40  35  3   89  63  69  1   98  47  41  89  9   2   39  73  74  93  9   61  12  92  74  28  22  24  77  32  24  97  24  64  23  54  84  85  18  54  25  98  13  2   12  100 13  18  100 73  50  85  48  24  21  89  75  55  5   21  74  42  70  24  61  19  7   40  23  98  88  1   57  38 
9   50  11  54  47  2   11  97  33  48  28  71  31  26  96  11  33  69  13  84  46  35  52  82  80  42  21  98  91  18  83  92  32  52  79  42  44  59  18  6   5   84  12  68  53  52  81  14  46  10  22  47  9   21  91  54  66  7   65  66  45  32  5   17  87  45  95  63  67  96  42  20  51  57  94  2   85  79  63  73  56  60  99  72  90  50  19  52  94  67  51  31  99  76  22  43  74  84  68  82 
50  76  5   42  79  100 11  0   61  9   74  57  91  10  78  20  41  84  57  99  87  79  87  12  28  28  14  74  70  87  6   16  8   16  88  77  3   67  26  7   93  97  95  22  70  88  20  10  51  11  71  46  17  75  18  25  21  46  86  13  46  53  11  79  96  27  27  49  38  68  78  81  52  66  55  99  90  9   10  47  57  33  39  59  14  72  99  71  93  66  79  34  61  16  16  29  59  91  3   42 
27  18  60  79  66  64  89  85  6   62  38  25  44  69  68  12  41  64  95  83  18  78  71  9   42  69  54  27  63  14  1   15  8   29  20  83  28  87  91  35  7   60  1   18  15  28  76  3   56  99  81  59  89  48  50  24  49  34  66  66  98  24  92  39  71  40  99  60  23  65  21  13  61  55  93  41  82  65  38  11  12  92  77  3   44  99  31  86  70  86  29  15  13  8   99  48  91  86  12  68 
56  51  98  90  73  49  30  34  11  40  61  64  77  33  50  23  70  26  68  64  31  7   2   41  32  47  48  83  74  73  31  21  7   8   20  3   18  35  20  53  47  98  23  0   13  67  89  67  40  98  43  45  31  42  55  72  27  92  17  29  55  99  24  23  57  91  60  19  2   9   35  36  67  40  64  23  92  67  57  47  54  64  67  74  53  15  1   33  14  50  26  90  51  39  33  76  85  16  35  22 
77  74  89  32  63  81  32  52  9   78  100 41  56  41  40  1   61  19  35  30  56  32  3   48  18  73  49  14  31  89  59  70  67  81  85  39  84  60  71  69  94  59  52  29  3   82  6   33  89  19  92  2   64  30  9   40  23  0   16  56  80  70  20  41  13  86  71  49  8   53  45  75  55  100 64  29  55  8   6   84  62  51  41  85  17  61  4   78  62  80  86  4   6   22  60  8   84  94  2   48 
43  30  99  55  40  29  11  67  78  16  20  46  38  62  47  75  58  96  31  73  84  57  35  64  56  51  25  15  67  2   70  51  63  18  22  49  62  77  84  45  93  30  87  50  24  89  35  85  82  59  25  24  74  67  38  67  12  53  27  55  2   95  84  11  21  9   92  93  84  27  74  38  84  80  65  68  13  1   51  83  8   95  26  84  89  69  42  22  47  97  59  70  60  1   40  12  86  52  34  84 
28  48  45  37  24  5   4   86  99  9   71  23  50  56  26  24  36  14  47  49  56  31  91  95  7   75  32  76  36  32  69  92  57  35  47  88  33  90  83  82  63  46  17  34  92  51  61  66  27  97  7   46  47  60  46  53  46  79  36  69  68  80  84  39  31  31  63  13  2   40  70  21  86  67  18  5   29  62  91  50  32  96  8   20  94  80  92  84  8   4   5   47  66  84  2   21  70  20  23  90 
97  8   59  38  34  95  62  39  87  98  41  3   58  64  11  62  90  6   91  45  63  63  52  3   11  30  6   93  0   18  75  65  82  17  71  55  46  79  0   31  5   1   48  13  40  74  58  62  69  73  95  15  99  9   32  66  85  70  86  14  30  18  8   65  15  13  39  63  100 79  2   75  29  50  27  56  28  28  22  28  48  74  11  49  0   5   85  31  49  57  44  74  71  70  66  82  31  91  77  69 
62  81  13  45  69  60  91  19  56  49  60  35  92  36  56  45  65  31  59  21  22  47  41  79  14  53  14  96  71  11  31  96  69  13  96  87  85  17  84  8   86  63  47  67  99  3   6   29  68  28  65  67  17  27  92  28  93  86  45  90  83  49  92  41  67  31  26  47  15  58  6   96  96  62  51  55  2   56  31  16  30  79  46  56  77  54  75  64  36  92  31  78  92  97  80  74  31  31  49  23 
72  71  88  57  40  64  12  39  57  63  51  66  19  59  47  69  11  8   9   0   83  44  45  18  48  66  37  94  51  73  67  4   28  65  70  83  100 28  33  84  34  48  68  68  14  90  27  10  94  32  40  33  97  80  42  98  0   79  97  65  75  91  42  16  39  47  43  67  59  65  7   63  68  88  92  11  57  16  15  99  45  44  1   28  77  90  54  84  9   60  75  69  83  67  82  53  12  95  19  87 
71  57  33  42  5   60  68  4   67  59  67  99  36  18  93  96  40  22  91  77  57  38  61  35  31  100 36  21  13  94  58  94  47  61  18  64  33  35  99  89  19  45  46  71  58  82  84  82  28  67  47  86  77  46  41  66  6   49  14  98  94  1   15  9   36  10  99  9   7   16  12  61  0   94  50  59  74  63  7   47  44  40  11  96  34  4   71  6   1   32  69  59  11  92  11  74  27  1   19  1  
96  18  59  47  73  1   47  58  87  68  44  30  8   16  77  54  23  33  32  95  48  67  40  47  23  8   70  96  25  3   61  38  48  36  70  48  9   61  48  56  35  6   23  0   4   51  0   40  56  62  70  28  52  98  44  68  5   55  89  87  72  1   27  68  51  20  16  70  41  67  57  14  10  7   24  59  35  38  97  23  38  64  27  68  82  20  26  28  46  54  15  90  27  7   93  66  60  79  82  25 
52  34  58  18  10  54  37  92  39  49  72  91  69  98  25  16  89  60  16  28  95  64  1   17  19  11  88  52  89  20  84  81  81  21  65  45  72  99  50  41  30  48  38  73  22  12  76  95  43  28  30  27  61  77  14  87  2   9   80  69  21  65  1   41  10  94  10  20  76  64  66  69  43  82  72  91  35  81  5   17  88  39  43  93  70  48  66  20  77  54  64  64  34  63  62  64  22  31  57  63 
13  78  96  62  81  88  27  3   10  43  26  94  93  57  13  71  71  13  59  5   30  48  24  41  60  73  6   82  50  13  9   90  8   9   22  16  76  7   56  19  48  45  51  63  61  33  1   57  62  7   86  93  5   66  8   92  62  32  22  10  67  7   46  9   46  54  99  37  27  19  46  8   92  12  41  90  31  70  74  3   65  100 93  28  13  42  59  32  100 21  29  100 40  80  44  95  41  30  53  17 
6   92  34  11  32  49  4   39  68  77  82  74  64  0   9   77  91  32  77  80  73  52  94  9   16  96  11  22  55  42  36  16  78  60  42  38  61  71  90  34  53  16  97  11  99  50  82  68  44  8   40  80  50  58  75  97  16  71  1   67  69  94  36  79  27  0   74  15  36  24  81  17  5   41  89  80  77  18  14  59  73  97  32  48  21  1   48  2   34  5   68  72  91  53  47  34  96  75  86  29 
0   23  78  22  29  98  54  14  48  84  56  80  81  17  91  30  74  73  99  53  66  7   23  19  21  53  52  89  22  41  8   10  29  78  84  26  47  99  78  1   65  51  68  26  12  81  2   67  45  80  31  97  48  0   3   100 15  69  97  64  53  28  51  32  34  88  46  90  68  39  63  88  5   67  33  15  36  26  78  90  94  66  93  2   20  57  48  94  3   16  14  14  91  47  61  74  17  85  27  61 
35  84  96  2   7   94  81  6   74  13  4   71  75  13  31  94  91  80  31  32  28  80  56  95  36  84  78  87  51  21  75  76  78  45  78  17  37  87  100 42  16  37  33  99  52  76  51  79  58  85  72  78  39  44  43  44  85  38  32  57  12  27  29  76  26  68  61  25  0   91  79  51  13  55  9   33  28  99  21  82  11  33  25  25  25  0   5   92  9   57  63  86  23  68  98  42  66  7   22  39 
59  11  24  0   73  77  69  10  91  36  13  11  72  17  10  73  6   49  72  45  55  98  12  6   54  52  87  24  64  73  67  9   77  19  7   66  15  82  78  34  84  77  40  46  30  5   88  90  47  73  57  74  59  81  52  23  84  24  71  72  52  1   92  13  9   96  16  16  13  48  72  32  59  48  74  31  76  61  36  37  5   14  23  92  19  10  6   36  11  18  30  40  99  95  11  53  39  1   14  78 
60  51  88  60  85  93  2   32  4   24  16  69  64  18  32  83  92  70  25  68  67  61  48  59  50  37  17  84  87  26  98  33  22  65  55  72  88  3   41  28  52  40  29  80  43  91  75  48  23  72  49  43  35  14  79  13  3   11  91  46  0   19  53  47  78  26  57  92  59  3   54  14  0   28  9   66  67  50  27  92  65  8   7   38  64  11  58  30  4   60  68  23  62  30  17  75  51  59  38  72 
21  79  81  16  47  25  2   96  97  27  62  47  40  47  43  2   14  54  42  52  66  16  28  30  65  6   60  44  68  6   4   68  14  88  16  17  19  49  1   63  81  40  51  9   40  28  12  35  50  51  55  4   50  69  4   76  31  50  22  84  29  11  74  47  76  33  66  53  1   70  85  0   34  27  65  36  42  76  81  25  19  14  31  78  98  23  21  78  72  38  74  35  44  37  7   42  78  5   55  15 
80  80  64  37  69  1   98  52  16  30  45  96  100 98  0   48  70  33  89  74  42  74  3   72  67  95  76  85  13  33  84  48  99  3   80  82  17  32  13  72  23  89  20  39  61  26  14  60  72  77  47  57  56  75  2   2   39  63  31  95  92  54  25  6   10  99  40  40  49  61  19  8   29  30  28  91  1   19  89  83  74  44  66  84  56  79  2   56  61  40  33  41  63  79  95  49  12  2   53  63 
23  93  36  71  76  24  27  32  89  89  3   4   91  38  47  45  22  4   16  63  56  4   36  82  6   40  33  67  42  80  24  61  3   17  68  6   59  40  55  78  92  67  90  84  60  56  3   19  57  7   62  38  91  50  73  40  92  21  26  18  74  11  92  51  42  78  90  52  13  83  84  59  57  77  15  38  34  6   71  72  33  33  43  67  29  43  42  64  62  85  90  15  79  53  93  29  82  24  92  89 
76  74  24  83  54  44  100 10  7   18  82  12  8   78  30  44  100 46  96  24  16  11  67  76  46  41  62  76  33  6   64  94  81  22  84  65  19  76  38  5   33  6   95  32  15  33  74  88  7   83  29  35  96  64  55  89  63  64  36  93  28  84  4   0   23  68  71  70  16  31  11  98  91  17  40  93  62  77  18  74  49  36  25  68  43  84  23  1   65  87  13  18  36  43  11  6   11  17  5   49 
80  65  98  91  47  86  15  57  97  57  23  60  46  7   97  38  60  82  21  90  0   96  57  69  44  73  17  92  77  77  40  75  91  91  16  24  47  87  52  71  93  80  87  21  67  11  27  82  24  25  7   98  1   47  11  42  55  93  77  0   89  10  91  99  0   26  2   56  39  80  19  10  55  28  49  21  52  55  56  10  38  17  36  10  30  92  73  28  23  73  89  65  46  64  25  75  23  75  88  27 
34  42  62  16  55  62  83  47  1   43  14  75  15  85  1   46  49  62  9   14  50  81  5   61  90  1   33  57  61  57  73  73  65  78  44  74  3   59  60  99  28  6   8   35  100 46  70  51  2   30  75  100 70  30  73  59  60  49  62  2   31  58  6   86  39  38  57  53  36  4   9   43  70  52  57  11  46  90  23  10  8   98  100 57  24  9   67  80  38  0   55  9   78  14  37  81  42  42  23  81 
61  78  97  100 68  46  9   21  36  57  88  90  51  64  14  58  65  7   97  74  92  22  26  42  96  9   85  2   91  96  80  43  46  45  64  79  75  32  22  73  14  40  9   60  49  75  69  91  40  62  26  62  61  50  29  72  71  59  87  2   53  43  87  9   12  98  49  63  11  84  85  79  21  52  29  4   7   21  16  23  70  25  17  77  69  61  21  63  93  56  27  30  67  7   64  86  74  21  17  89 
55  59  35  10  5   73  50  48  59  44  96  41  51  30  60  51  77  71  3   84  9   48  65  14  8   84  2   62  77  19  91  14  9   4   50  73  72  21  94  97  33  89  62  69  37  58  81  4   48  7   54  4   92  88  83  20  54  35  75  34  75  20  46  7   31  99  19  1   64  68  62  22  2   96  87  39  42  96  0   97  91  80  49  90  86  97  37  18  87  64  93  91  85  80  36  23  85  51  56  51 
27  44  80  68  88  96  3   31  4   63  65  71  57  16  84  22  73  9   33  73  17  86  69  97  15  31  69  85  56  98  93  60  27  28  43  39  64  28  68  45  86  55  19  16  0   73  61  17  32  21  5   11  24  50  25  7   74  78  100 32  18  34  89  32  74  39  28  73  94  91  84  28  35  45  50  36  81  98  5   71  52  30  88  15  80  51  74  63  72  43  89  6   17  18  13  18  61  46  56  27 
63  32  16  10  100 72  53  62  76  77  20  45  23  58  77  17  72  93  51  91  6   50  60  63  100 29  30  15  62  5   23  42  86  16  45  84  79  41  47  22  79  16  96  31  9   27  88  12  54  50  80  2   83  24  78  16  15  15  47  20  0   89  58  79  63  60  91  73  13  43  26  77  53  74  14  85  10  36  16  34  22  27  39  1   31  10  35  80  92  3   40  40  37  81  7   22  19  92  3   6  
27  95  85  16  67  99  34  44  78  55  73  99  5   38  75  97  43  24  91  68  70  88  41  61  96  37  80  31  83  18  57  41  47  17  90  59  42  67  81  92  41  93  99  54  32  19  44  74  54  16  63  11  71  9   41  3   21  25  6   21  87  87  68  82  71  42  83  18  58  66  17  25  2   77  99  59  74  27  4   39  91  52  47  51  49  35  89  36  38  89  82  79  28  17  89  75  45  42  17  11 
43  25  82  20  26  13  10  86  41  44  55  69  0   1   75  5   65  16  80  87  18  87  80  94  16  72  19  56  75  84  95  22  67  92  8   15  17  74  20  81  13  68  100 11  66  15  14  10  70  47  73  90  69  23  21  21  75  25  25  9   20  42  64  1   36  79  53  34  71  39  3   6   98  48  61  13  51  31  73  69  55  15  59  47  38  59  100 23  53  13  11  46  77  31  39  68  22  84  0   92 
74  11  66  55  23  51  78  79  87  73  22  3   94  2   58  10  1   27  18  58  18  90  35  13  66  5   52  60  0   56  65  44  39  8   97  12  35  87  89  4   50  9   27  79  67  63  12  91  34  26  42  72  50  86  34  99  85  49  3   49  93  13  95  13  50  32  38  73  76  84  33  15  49  74  40  83  61  13  10  27  78  29  62  39  1   29  89  9   69  36  84  51  73  20  58  74  27  43  79  28 
36  20  97  13  85  28  21  70  63  78  27  10  89  68  55  14  99  51  47  71  9   60  58  30  28  41  88  15  2   39  95  6   27  80  12  16  36  7   77  36  85  74  46  50  77  71  74  28  88  79  91  43  58  25  34  63  52  68  5   13  22  46  98  81  17  72  10  21  41  98  21  53  76  50  47  83  69  3   13  83  69  8   20  62  58  28  41  28  65  66  65  74  95  13  49  17  24  43  37  84 
51  86  3   24  61  0   78  46  97  75  19  4   43  0   47  68  98  89  8   49  100 66  77  45  93  74  9   81  100 52  68  72  52  46  13  20  49  94  28  66  20  18  37  92  59  8   20  19  41  99  64  88  13  14  74  16  90  45  96  71  57  40  40  2   19  87  100 68  85  76  22  9   85  2   61  96  28  72  34  24  44  77  23  36  44  1   39  8   38  48  41  94  43  1   96  91  13  63  41  18 
93  50  36  76  28  88  6   47  4   59  53  86  43  83  72  2   96  10  67  90  12  36  30  81  68  7   20  6   92  73  2   79  67  8   20  39  53  27  83  54  53  78  21  11  5   92  48  10  37  17  21  69  98  50  75  38  9   69  59  51  20  85  80  24  98  87  21  11  69  41  86  7   17  12  38  5   51  1   49  33  39  44  62  53  13  9   74  35  68  28  91  39  73  44  44  22  49  34  23  56 
8   48  5   95  93  68  52  34  34  75  63  34  26  16  32  86  82  86  15  38  44  51  80  55  50  30  73  59  64  13  97  18  62  67  76  40  75  90  27  3   1   36  0   72  68  88  50  84  30  51  18  46  50  36  69  26  38  78  31  7   7   43  82  88  100 94  37  81  65  22  69  47  35  73  55  53  21  20  45  98  76  16  89  1   85  22  41  97  77  72  48  9   46  58  100 63  34  78  85  93 
66  56  41  50  70  75  16  14  56  45  42  31  42  37  23  9   98  79  72  54  73  61  82  8   9   74  20  4   39  62  47  46  60  19  29  92  91  3   52  30  13  66  29  70  33  35  28  70  36  61  82  63  25  68  81  61  21  66  89  80  61  41  23  43  15  97  59  32  15  87  25  66  23  46  74  87  89  99  67  93  71  82  75  21  99  94  67  97  88  81  10  22  75  63  67  43  23  68  10  22 
95  95  20  28  90  77  94  86  38  75  35  59  97  42  33  59  72  15  23  82  59  40  0   83  73  37  49  46  24  39  89  19  94  95  77  83  41  27  1   45  77  65  98  52  64  42  72  95  44  66  98  10  32  4   84  0   15  53  51  2   66  73  92  51  95  99  31  44  56  35  36  52  46  31  60  59  56  2   95  39  70  20  71  59  90  88  41  100 49  97  69  76  10  96  44  67  14  14  19  32 
67  81  2   7   75  96  54  36  80  27  50  73  52  86  86  69  65  90  61  42  86  100 15  0   12  93  54  38  96  53  43  16  46  44  64  81  11  23  57  22  34  78  65  84  24  41  63  14  39  97  69  50  93  56  26  8   2   6   36  15  5   78  69  45  43  43  8   19  16  90  4   36  22  61  56  74  9   69  21  27  3   29  86  1   63  97  79  86  86  6   57  38  83  10  83  31  95  68  65  40 
2   38  0   38  54  25  30  62  65  65  53  23  80  87  89  19  71  56  35  15  95  77  83  13  31  91  57  99  98  53  11  100 14  67  16  19  74  58  69  82  64  31  44  14  3   82  13  70  83  69  28  29  34  46  83  54  4   89  16  2   53  41  87  64  70  73  88  86  16  50  56  65  32  31  36  76  48  99  29  100 73  12  21  94  71  97  88  39  52  65  49  66  79  32  4   52  66  13  68  38 
48  81  13  13  3   73  73  2   63  19  62  69  26  46  63  99  100 97  9   73  3   38  62  15  46  57  90  20  90  58  61  57  33  45  14  48  44  9   75  7   99  64  4   91  35  94  3   41  5   64  56  2   27  40  37  45  72  74  59  60  98  56  52  2   60  0   12  93  3   11  5   99  18  9   3   82  42  80  57  65  75  32  54  8   79  22  67  79  84  25  38  73  35  37  74  41  74  9   10  40 
58  4   16  5   65  13  74  17  95  49  92  48  7   77  78  17  48  14  66  20  18  11  98  5   23  39  81  34  15  77  54  0   19  32  34  8   44  53  100 89  80  77  0   22  71  94  55  69  53  99  60  49  21  42  72  29  36  92  89  37  45  60  13  6   80  52  69  85  81  55  78  96  60  43  3   44  19  71  41  58  81  76  41  18  85  55  29  36  63  83  71  47  45  8   40  5   63  37  61  57 
37  61  87  55  47  48  82  50  55  79  19  53  7   89  10  88  0   73  84  56  18  6   98  13  5   9   6   17  11  31  67  31  38  74  64  3   46  27  22  91  27  24  48  2   44  87  41  79  79  8   88  52  49  23  28  90  100 31  91  88  51  87  62  50  16  65  74  18  50  76  64  15  62  34  98  25  82  48  72  13  58  16  9   86  13  8   27  47  29  11  56  34  47  89  15  79  13  27  23  18 
92  2   85  59  76  42  15  67  85  92  20  30  35  38  48  85  9   15  15  25  78  87  86  47  54  56  88  20  94  20  51  1   29  27  59  33  55  7   48  68  71  71  64  9   32  30  52  11  69  4   37  63  60  96  23  35  7   18  88  64  68  64  59  11  19  28  89  68  10  58  49  69  89  64  95  27  9   29  10  81  13  9   37  93  5   77  19  53  55  75  42  88  8   15  62  10  95  96  3   7  
20  66  94  37  63  41  60  19  66  36  0   71  39  74  28  79  47  7   71  43  87  76  53  50  29  96  2   17  88  47  39  43  28  50  38  76  55  83  43  55  45  16  47  30  99  23  70  81  86  76  91  58  63  28  38  18  3   62  33  46  39  63  61  23  94  55  44  1   21  54  64  88  97  85  36  84  47  51  80  96  56  30  72  32  77  0   7   68  47  14  11  64  96  53  95  27  46  58  23  59 
75  74  66  94  34  39  67  14  54  51  14  73  20  72  25  59  34  30  42  92  89  97  85  13  92  87  40  43  5   60  64  58  82  27  87  53  82  76  86  26  4   14  58  78  17  34  84  93  25  96  71  84  33  48  42  45  77  81  25  21  25  6   33  74  60  28  89  88  70  74  24  94  78  12  93  9   77  16  46  11  2   47  91  37  71  22  100 86  29  6   37  9   67  81  98  63  29  48  68  24 
81  24  43  86  23  35  71  60  20  33  39  55  78  43  97  46  25  39  37  97  11  9   19  65  36  57  7   8   31  45  57  4   23  50  87  26  91  40  97  98  28  13  51  11  95  58  78  34  3   16  49  92  52  50  48  80  25  68  88  56  4   54  14  89  86  92  11  92  89  42  66  35  81  7   80  74  23  24  97  52  59  88  34  27  73  22  17  24  18  86  27  85  29  15  92  30  13  2   95  35 
57  65  0   20  41  77  22  31  8   8   24  78  18  50  72  22  93  6   43  36  72  84  43  32  6   8   62  78  47  88  30  98  82  82  97  18  72  16  42  81  95  63  71  44  18  5   32  79  29  66  12  1   70  52  37  42  19  15  59  88  82  49  50  99  90  32  47  87  72  49  40  37  69  36  50  81  77  74  52  91  97  6   80  77  62  83  11  33  87  1   0   46  55  53  78  86  50  7   80  82 
48  20  69  61  21  74  30  28  91  61  78  80  35  71  40  24  89  27  72  1   2   3   42  44  51  68  84  56  96  19  71  87  12  96  80  96  87  97  54  20  90  92  35  1   55  34  31  53  11  45  91  12  0   35  48  55  41  42  10  31  75  4   90  52  13  0   54  37  61  84  97  85  87  100 19  26  26  45  37  56  13  39  82  50  6   29  72  22  16  69  9   42  85  87  75  75  55  61  45  12 
27  11  92  48  74  99  80  47  14  18  43  82  52  92  99  57  96  42  36  2   66  19  43  75  29  56  59  33  15  73  74  3   84  65  38  81  52  86  77  42  11  80  74  1   37  55  24  88  5   94  41  66  11  35  72  11  69  22  91  6   70  13  95  15  80  32  35  64  91  88  37  65  80  70  92  99  42  28  8   38  41  47  19  55  7   23  41  35  35  74  6   25  87  24  12  31  75  26  55  20 
26  36  47  81  99  88  44  44  72  51  17  64  49  78  60  31  84  42  45  34  31  33  68  62  21  1   47  93  53  27  8   32  35  49  18  30  26  43  60  83  30  13  25  89  67  56  15  86  79  70  68  2   74  99  52  82  39  19  97  12  97  11  97  58  73  41  11  38  82  8   74  100 90  11  29  33  57  54  22  74  12  98  32  51  36  48  98  39  99  22  88  97  69  54  60  1   77  78  57  27 
28  24  88  96  45  13  31  69  33  65  82  2   14  95  43  51  78  5   25  79  11  70  45  78  28  46  90  93  76  88  11  30  61  72  34  7   97  15  76  76  51  42  25  98  28  21  61  41  54  40  75  30  22  35  53  26  64  36  20  69  76  93  83  74  95  77  97  90  28  62  36  27  81  91  61  19  54  27  69  64  62  35  53  44  13  28  66  95  26  40  89  99  49  50  96  67  0   19  68  44 
0   59  11  13  17  55  12  93  26  93  9   30  51  37  6   72  43  46  29  85  96  1   50  73  82  69  13  28  69  18  72  52  94  69  97  8   57  2   14  99  93  64  30  43  8   2   39  16  61  20  62  24  15  51  99  2   89  44  78  85  51  12  22  10  23  47  28  44  84  43  69  81  46  37  62  27  52  76  25  57  40  32  18  85  54  7   58  4   40  10  42  53  76  21  59  64  2   62  1   29 
83  93  27  51  34  91  45  29  12  5   7   72  1   97  24  49  52  5   28  78  1   48  32  42  82  77  87  84  73  69  81  9   18  14  55  98  64  31  46  9   89  9   94  75  30  55  62  59  78  85  35  93  86  4   52  30  34  13  27  98  90  58  72  29  8   74  95  65  34  37  27  15  8   75  11  60  65  3   82  44  34  53  25  20  13  15  14  67  50  15  45  90  95  55  53  45  65  58  98  56 
74  10  67  3   97  43  55  12  42  80  57  22  46  7   38  64  17  72  6   72  75  15  1   29  94  82  52  31  82  83  61  51  83  67  51  81  60  50  14  84  44  78  15  54  86  6   47  69  44  42  87  82  80  2   92  97  21  69  35  3   0   66  19  14  93  88  24  22  87  91  93  15  65  22  93  40  61  87  100 15  33  2   71  5   20  35  89  45  53  16  71  19  38  32  66  76  23  96  73  98 
55  24  71  20  95  65  20  47  45  36  10  55  21  19  1   13  46  5   55  9   57  92  87  27  96  1   0   65  13  23  72  50  1   23  45  61  75  56  95  68  60  65  52  97  12  69  31  92  16  6   63  94  19  60  29  4   1   57  71  48  39  35  9   69  15  57  82  23  32  31  58  97  3   80  30  76  6   90  82  87  88  19  5   1   94  98  17  97  37  6   54  10  91  35  8   45  60  43  26  35 
2   68  37  95  87  98  40  37  20  2   94  80  22  47  95  22  9   40  72  60  97  3   74  41  48  81  13  66  6   82  30  82  61  56  2   72  58  45  83  94  8   82  56  25  34  61  52  2   20  82  25  10  71  31  31  38  55  8   57  8   21  46  14  47  10  23  62  33  64  32  52  30  3   6   65  36  7   59  11  80  28  65  41  73  92  81  22  15  67  92  23  62  61  59  24  53  89  67  35  21 
50  5   92  15  52  83  0   33  20  7   2   85  95  1   60  8   42  65  31  70  50  46  91  72  88  81  17  19  26  2   48  22  0   24  20  60  39  44  97  66  33  55  88  65  88  79  46  83  10  10  43  14  64  64  82  68  11  26  56  51  1   89  99  91  24  51  3   13  59  58  63  57  47  11  61  37  45  8   72  74  4   42  86  16  27  65  87  89  0   19  11  43  60  51  17  24  50  17  3   36 
1   34  10  100 18  76  13  87  82  84  8   28  62  50  28  7   46  13  27  90  69  91  6   14  23  59  72  28  95  40  37  86  83  28  80  69  97  70  70  94  76  51  98  60  42  43  67  19  62  45  11  7   84  44  84  31  30  49  43  22  89  43  87  21  9   44  16  9   46  32  23  96  22  97  11  90  10  14  62  0   4   15  93  55  1   37  13  35  91  21  44  53  2   33  96  37  97  43  61  75 
57  11  19  83  10  50  96  28  20  95  65  4   78  64  34  79  27  4   26  76  67  21  70  27  46  37  63  35  54  1   55  83  22  62  58  50  33  88  92  100 47  23  6   46  87  97  83  74  67  51  51  44  63  18  6   49  100 40  7   18  55  39  86  21  16  58  86  5   56  27  48  84  100 44  96  10  60  9   76  14  6   55  97  85  15  68  39  7   47  85  71  46  4   63  12  58  4   69  38  56 
16  80  71  12  28  84  100 80  13  61  74  8   73  93  65  51  10  86  98  52  53  22  68  93  21  54  14  22  98  7   28  93  27  96  87  64  65  55  100 37  77  4   94  100 49  64  90  64  15  13  79  41  57  41  6   73  71  61  67  32  42  39  77  41  92  14  98  31  87  99  18  54  53  87  46  61  95  74  14  71  55  31  90  19  58  83  94  2   37  9   6   27  16  72  99  76  66  88  22  29 
70  3   90  31  87  39  94  91  79  39  57  27  62  67  66  95  51  98  6   19  96  31  13  45  92  13  89  73  59  93  92  1   77  88  25  82  66  57  83  40  5   58  82  99  22  96  49  75  50  54  49  97  61  54  64  9   48  97  91  19  24  23  35  1   89  30  96  47  51  47  58  53  30  59  19  13  28  25  84  57  31  12  55  81  99  40  95  87  36  4   70  54  24  82  74  8   58  83  85  88 
17  57  72  21  55  18  53  63  22  79  96  32  71  9   31  41  40  49  22  49  77  89  32  70  9   63  69  57  27  88  2   0   14  0   27  89  1   59  28  33  54  89  9   32  0   77  63  24  43  33  38  23  90  67  98  14  60  75  30  31  43  49  9   39  42  6   72  40  6   54  6   52  51  89  80  69  94  75  73  32  85  98  98  69  29  54  39  37  99  60  1   53  76  43  61  77  16  24  95  84 
33  54  8   33  19  14  15  90  40  16  44  22  66  25  34  47  63  24  74  68  95  81  22  15  83  22  29  73  76  50  55  88  98  55  88  4   67  86  57  56  52  15  88  0   89  9   36  55  66  99  25  27  60  91  89  80  78  15  84  15  52  22  77  68  27  50  10  32  43  11  60  74  48  82  44  100 56  86  19  98  99  14  61  69  57  59  38  31  66  9   7   50  51  42  18  31  61  38  5   91 
31  26  59  50  37  58  77  46  61  90  26  21  3   37  91  89  18  1   91  64  19  18  71  21  76  40  26  95  96  80  32  94  9   47  16  48  5   56  64  44  28  68  60  91  16  53  79  28  56  27  87  10  15  98  59  7   84  27  73  100 37  85  98  92  68  39  98  88  73  13  83  97  24  63  34  94  56  62  23  10  78  27  9   33  55  64  42  44  94  91  13  40  44  25  10  92  67  21  57  82 
