10 20
3   97  68  64  31  76  37  63  6   95 
49  13  6   61  41  37  54  54  95  57 
96  94  9   35  23  5   97  13  38  56 
70  54  96  69  73  11  78  73  25  97 
97  13  60  5   47  4   87  61  10  7  
57  56  8   100 37  68  30  10  20  90 
87  65  12  80  94  17  19  87  85  21 
51  93  50  22  92  3   95  23  28  38 
94  7   5   63  84  38  51  81  60  100
85  53  33  56  12  52  24  41  100 74 
96  46  71  30  19  1   52  26  99  86 
76  61  19  30  65  48  56  3   46  85 
76  12  12  3   81  26  59  3   92  39 
41  37  91  80  39  29  8   10  86  1  
51  5   100 12  50  3   41  44  73  94 
68  97  80  79  82  95  25  79  96  95 
30  4   31  60  1   26  64  71  47  98 
36  84  91  44  82  20  52  100 90  56 
26  21  52  66  21  40  77  80  90  38 
81  94  70  77  31  39  74  11  79  30 
