10 20
29  5   6   48  88  23  65  59  71  90 
11  31  84  53  10  9   71  98  49  83 
23  72  20  65  99  39  89  18  66  70 
12  74  44  28  81  51  60  91  36  42 
68  38  78  58  63  0   54  38  46  87 
31  42  6   77  77  5   28  5   0   44 
59  78  11  71  72  10  84  59  7   33 
27  12  69  81  31  84  28  67  7   6  
72  31  60  44  54  46  19  29  53  4  
72  60  94  99  71  48  93  95  45  77 
91  47  49  15  33  29  19  21  94  43 
86  44  73  41  82  34  81  100 48  70 
70  60  94  81  15  7   7   52  41  32 
84  13  18  9   30  15  24  80  57  72 
36  0   77  98  94  99  15  54  65  91 
29  71  29  94  70  52  18  22  6   63 
77  89  94  82  63  10  80  1   25  80 
80  75  70  32  40  22  54  88  83  82 
84  37  58  86  40  44  53  91  49  90 
42  44  51  98  61  31  67  91  34  53 
