10 20
96  16  80  94  54  21  42  88  29  15 
68  42  11  13  78  97  98  7   79  87 
11  46  74  92  8   100 1   38  39  46 
77  20  90  50  14  82  49  84  7   4  
10  44  4   88  46  53  10  40  51  97 
35  26  99  69  100 97  25  89  69  14 
20  68  88  79  71  79  50  20  13  68 
26  45  34  79  21  86  39  61  10  78 
24  90  65  72  19  39  6   91  62  0  
56  90  13  9   54  60  99  98  86  33 
70  8   77  53  34  28  59  91  13  78 
26  56  61  28  48  10  74  72  22  93 
67  42  92  40  0   14  98  60  87  69 
46  41  3   31  31  53  54  87  39  39 
90  27  57  62  96  61  67  65  57  86 
30  44  4   12  43  77  48  60  36  98 
77  49  25  31  97  32  46  62  10  51 
92  39  38  26  73  21  87  76  51  95 
74  84  22  30  73  76  26  79  77  90 
72  1   4   28  66  26  8   44  77  61 
