10 20
60  49  71  8   4   89  25  71  75  95 
66  68  55  11  20  72  27  97  67  5  
33  83  59  98  100 4   37  6   2   78 
42  7   16  80  73  2   30  56  99  42 
16  30  97  21  9   65  92  37  34  83 
64  16  59  47  9   71  46  77  30  60 
82  36  56  31  15  63  54  74  36  48 
83  73  78  38  13  57  66  7   97  71 
70  86  97  19  43  29  96  4   36  49 
27  48  28  30  88  34  83  9   21  22 
25  39  32  9   79  54  67  29  96  24 
52  78  29  20  54  62  78  38  31  88 
62  56  44  27  41  99  8   61  35  52 
56  46  55  73  77  1   74  87  99  53 
66  78  3   13  14  46  80  93  96  35 
89  60  3   33  45  93  53  67  2   7  
92  44  35  49  28  59  57  34  26  66 
22  80  56  41  85  85  44  38  29  3  
24  98  97  97  77  3   91  29  60  74 
46  74  14  97  23  93  83  53  83  62 
