10 20
43  74  2   67  97  96  83  62  16  78 
53  88  70  25  98  78  75  44  19  20 
9   31  24  53  49  23  66  71  20  99 
18  55  76  40  44  66  17  48  85  7  
17  6   44  95  87  24  38  64  94  86 
40  19  96  89  80  4   36  22  16  94 
25  42  84  77  3   33  98  33  95  18 
35  98  2   20  6   67  81  8   43  6  
42  39  91  3   63  96  86  24  14  65 
54  85  83  14  8   61  60  43  13  13 
81  100 4   81  69  86  26  41  1   85 
30  58  80  21  15  11  71  94  92  23 
35  91  99  5   2   82  62  30  65  96 
53  16  28  63  92  49  35  49  8   75 
62  91  14  14  65  42  94  3   60  3  
99  49  62  82  98  33  81  30  14  13 
79  6   85  59  56  61  83  55  56  61 
60  33  85  25  27  97  5   81  17  17 
41  68  38  19  67  37  87  39  0   27 
94  62  52  86  48  21  54  19  79  94 
