36 50
80  22  49  59  49  87  19  0   14  3   22  13  85  8   64  50  25  52  74  3   66  31  32  98  33  69  60  97  50  36  69  64  40  56  18  92 
27  0   12  83  51  53  95  20  24  64  82  20  72  40  87  21  47  100 52  15  18  44  18  10  62  18  29  23  32  72  26  93  11  15  72  56 
47  81  36  99  90  44  93  0   42  54  61  87  61  43  22  7   44  79  97  98  97  4   51  98  30  88  95  92  26  50  54  45  93  68  97  48 
10  5   87  83  12  84  38  59  17  15  17  25  85  18  81  47  13  64  25  66  94  86  97  61  13  32  39  79  72  51  91  98  92  40  99  21 
42  12  100 44  30  23  60  7   82  26  22  50  3   91  9   96  38  52  10  25  99  44  61  99  85  92  63  94  51  18  20  28  12  37  64  62 
66  98  89  82  59  66  81  3   14  12  31  55  34  21  18  88  96  97  15  80  32  21  19  86  86  53  33  16  89  41  57  37  2   71  6   8  
23  80  45  24  0   38  58  42  10  76  73  64  85  92  55  85  95  19  56  53  45  63  82  18  51  21  2   61  45  90  66  99  96  32  26  75 
4   36  56  6   79  84  27  73  48  53  5   12  79  75  34  86  51  25  99  56  51  90  83  70  13  54  4   46  77  41  80  2   81  47  0   40 
65  64  16  96  58  33  17  34  57  23  8   76  63  85  82  86  44  35  20  19  26  45  52  83  12  97  63  71  22  7   2   85  2   45  98  79 
78  84  82  46  23  41  33  27  2   33  35  16  51  65  44  14  54  73  24  81  79  8   17  29  38  29  40  91  81  36  47  82  82  84  92  80 
54  40  86  11  72  40  49  89  94  66  22  39  36  16  6   48  37  2   21  91  23  80  54  29  85  57  7   87  79  26  93  83  81  30  58  78 
19  64  95  86  46  65  74  10  65  79  51  97  43  62  45  47  7   93  93  29  12  53  6   45  49  97  86  62  54  79  70  91  68  86  51  3  
42  42  79  40  94  69  64  86  55  42  63  54  54  23  15  100 42  83  70  91  23  77  42  59  88  8   70  17  16  31  63  36  88  59  82  21 
47  16  85  56  66  98  56  47  4   55  33  24  49  0   19  36  49  72  70  25  53  69  29  66  67  45  12  63  9   17  15  71  24  29  96  71 
24  78  38  82  24  93  20  0   49  48  16  3   12  8   50  96  68  99  30  45  26  83  78  81  43  39  33  21  92  26  23  93  89  55  48  43 
10  60  83  84  84  91  16  54  99  21  29  32  29  15  11  8   8   84  72  1   51  29  54  1   98  41  100 67  46  79  86  54  74  32  32  51 
17  41  28  47  14  33  83  5   5   7   31  13  33  0   32  67  74  11  55  35  56  60  35  97  79  92  38  7   71  26  93  61  24  2   20  40 
32  100 46  48  35  15  83  40  73  92  30  3   21  62  25  90  97  65  82  18  18  65  5   14  31  71  15  62  98  51  8   0   91  64  49  36 
69  47  6   23  77  76  11  98  28  30  3   64  40  82  86  66  5   86  91  11  42  96  71  46  22  2   15  81  57  31  62  68  23  82  46  16 
79  11  34  30  2   0   99  59  32  77  51  51  29  38  92  50  22  27  99  77  80  40  59  62  20  81  0   86  60  43  39  14  42  11  21  69 
34  75  21  45  54  27  85  38  79  12  26  2   19  95  70  95  54  35  53  65  0   99  58  5   14  57  99  61  58  82  9   14  84  10  90  8  
93  15  1   93  95  75  79  55  41  29  10  81  81  36  68  23  49  44  92  97  79  16  67  45  9   83  88  70  69  2   77  36  69  37  79  64 
15  36  5   85  72  97  27  30  10  96  27  91  88  60  74  64  42  26  37  92  50  2   88  64  51  21  69  56  79  100 44  95  90  13  79  53 
30  9   56  95  85  18  58  93  57  24  71  51  52  65  84  8   87  88  67  76  25  14  66  80  87  12  7   65  95  22  40  13  25  29  66  69 
55  58  65  45  17  69  18  43  30  36  16  56  58  93  86  71  95  5   70  85  99  23  41  79  12  72  35  20  57  42  68  30  94  26  100 16 
28  100 8   19  21  21  33  50  62  86  46  86  53  70  54  49  91  1   51  93  46  89  1   35  50  67  0   33  58  11  57  98  5   28  55  60 
86  74  18  32  59  23  74  14  83  40  58  37  38  26  4   67  55  98  48  44  24  94  75  32  83  53  16  42  31  58  79  70  17  82  35  62 
75  22  39  42  95  25  100 53  93  31  59  6   3   93  36  85  87  40  52  98  39  61  94  85  91  46  54  15  44  23  8   21  79  70  4   71 
85  46  79  29  95  28  32  53  45  56  62  38  0   28  64  32  81  50  66  75  44  26  69  82  49  59  92  74  64  52  94  84  93  50  54  47 
27  49  40  3   54  69  12  23  60  71  74  57  38  19  55  8   30  32  88  5   40  100 67  14  75  5   51  17  34  79  74  38  64  67  16  22 
41  91  67  39  62  49  51  55  18  89  33  30  66  23  15  63  65  8   47  53  24  48  71  11  36  44  13  89  12  6   72  22  73  61  75  77 
17  78  66  94  3   30  50  58  65  49  1   50  70  95  12  95  26  57  34  1   32  70  66  57  19  65  2   86  87  3   2   18  42  93  37  61 
70  7   15  49  48  78  35  89  26  61  16  75  31  80  37  36  94  66  33  54  9   94  60  6   56  23  89  94  55  90  97  66  56  40  35  100
45  68  94  34  66  18  1   88  98  5   84  94  81  11  37  10  42  13  33  8   87  69  20  37  70  37  2   47  7   12  72  70  65  60  13  44 
31  34  47  27  91  65  74  53  11  15  35  89  48  37  63  43  16  38  96  90  42  55  24  85  43  76  75  32  77  19  55  76  59  97  43  100
70  71  31  36  95  60  69  98  2   47  12  36  37  84  94  70  69  17  94  83  11  90  93  65  66  52  3   95  12  80  51  62  64  89  100 59 
83  47  63  99  66  15  68  69  29  26  31  51  94  98  80  80  51  98  64  48  49  6   25  29  66  53  99  89  63  56  16  7   79  69  65  94 
82  52  15  3   65  46  74  31  11  68  64  9   60  28  29  32  93  89  44  17  10  81  33  18  91  73  23  29  80  55  15  84  54  19  43  4  
64  38  11  21  82  93  99  22  11  26  68  90  42  91  64  62  92  80  3   80  35  17  89  6   8   28  65  7   73  20  15  44  51  4   33  91 
84  40  69  97  4   20  97  79  58  93  38  9   47  61  99  32  29  92  58  59  19  46  28  14  58  77  14  38  0   57  75  64  16  90  67  100
89  44  60  65  22  67  6   20  63  53  11  51  42  76  100 50  41  31  37  22  62  86  25  13  38  91  100 90  53  25  44  89  16  68  46  45 
33  52  68  46  36  47  40  55  100 1   100 90  20  72  20  42  68  59  4   56  66  90  22  42  3   70  26  27  84  57  54  96  13  65  66  22 
36  85  54  88  73  80  73  2   7   22  52  87  39  98  86  75  19  48  24  88  6   65  66  2   80  35  26  36  7   25  94  8   96  93  31  57 
59  69  89  59  63  51  34  12  13  48  84  33  49  89  55  17  7   64  59  38  17  7   10  48  94  51  84  77  59  45  30  50  3   93  26  69 
13  13  13  96  57  77  89  83  11  88  35  49  43  83  62  13  4   21  72  15  49  56  60  40  57  21  95  10  3   49  83  50  97  30  57  64 
43  96  40  63  49  19  61  31  20  76  7   97  36  89  92  60  11  37  0   48  22  89  41  74  18  4   50  11  31  14  93  52  46  23  59  0  
71  56  49  44  70  97  98  39  87  30  78  72  46  76  36  19  84  80  69  66  75  75  71  76  64  69  27  16  4   46  42  98  93  89  89  74 
12  73  30  18  31  98  63  68  75  77  80  22  4   44  92  17  53  63  18  60  91  96  39  35  20  59  19  70  18  30  79  91  87  86  35  26 
36  3   93  68  85  62  45  18  39  35  3   32  28  96  42  100 11  13  51  39  24  23  84  75  22  63  37  31  96  6   10  47  70  5   45  98 
55  79  11  7   67  17  89  70  31  8   95  15  87  51  22  20  57  51  5   100 2   78  35  100 60  54  74  70  37  90  16  68  40  52  80  66 
