36 50
34  84  18  70  20  10  48  79  51  75  20  35  50  34  17  13  74  88  3   47  70  74  86  22  68  5   13  77  74  91  44  87  17  21  85  96 
53  19  77  3   29  58  9   10  0   84  8   97  39  27  85  61  52  17  84  86  62  47  52  76  83  85  54  44  55  72  17  95  47  76  74  98 
60  50  74  35  97  24  99  71  82  43  89  49  71  61  15  73  61  33  51  70  23  13  2   68  70  65  64  26  94  60  53  14  82  59  86  27 
86  28  24  4   48  42  95  70  62  18  71  86  31  100 36  15  56  62  62  88  77  11  42  92  7   39  34  17  97  69  14  10  66  78  84  34 
62  54  40  20  22  0   21  91  46  69  93  84  89  3   17  61  66  8   74  97  50  63  11  43  6   39  69  29  79  29  60  17  33  50  14  97 
20  62  95  94  37  23  6   25  31  43  3   66  60  76  8   45  51  57  31  67  95  40  39  78  1   33  70  79  64  45  17  36  28  74  50  12 
49  96  80  93  13  66  70  3   67  56  65  66  56  13  26  16  93  43  81  73  9   4   75  20  61  5   35  95  51  30  35  8   47  85  34  38 
65  82  13  41  21  54  14  37  32  9   46  20  17  67  44  22  61  79  44  15  93  41  56  85  71  55  52  77  34  41  13  73  40  14  72  60 
11  3   100 90  67  39  66  47  12  69  49  59  38  8   19  50  7   7   85  78  35  7   20  20  31  52  59  27  61  5   9   83  10  55  31  93 
91  41  45  77  85  16  59  1   47  57  98  98  53  64  89  29  65  30  96  86  5   48  60  56  0   94  32  49  61  91  18  5   33  22  87  91 
26  76  19  46  65  21  46  90  85  29  85  10  86  26  86  12  100 57  85  93  7   36  80  25  22  61  59  65  56  17  55  0   3   60  34  4  
78  75  49  31  85  32  92  62  89  77  37  63  87  7   75  21  44  12  77  86  1   86  96  81  21  55  38  98  67  81  38  81  100 30  44  70 
44  80  22  45  31  17  90  5   35  42  49  79  58  3   48  17  39  43  2   27  45  49  61  96  70  82  95  19  62  42  14  13  55  67  63  38 
37  96  79  59  1   51  20  57  26  59  81  93  64  72  47  52  93  80  57  51  27  80  83  12  56  25  42  90  47  28  33  45  51  9   71  13 
95  73  31  54  21  39  73  35  83  85  15  31  44  82  74  47  58  66  85  22  39  85  75  5   42  11  37  88  59  92  77  69  82  80  15  0  
71  89  90  22  84  0   51  77  35  93  60  41  19  66  18  30  86  30  54  31  81  3   10  42  20  62  19  8   74  15  4   68  50  79  10  19 
78  68  64  25  39  1   7   75  59  32  80  17  22  91  24  5   4   40  94  27  23  53  60  58  85  96  52  41  85  75  100 0   34  79  89  23 
15  10  44  22  65  75  95  62  94  15  25  98  99  29  34  33  40  75  40  60  51  74  99  48  8   80  52  84  62  54  72  79  45  97  11  4  
15  48  77  54  91  41  56  82  28  59  6   40  36  100 68  83  9   64  1   12  87  70  67  31  95  38  85  71  64  75  84  41  89  91  8   38 
74  48  6   25  26  34  49  8   7   63  9   79  96  38  81  72  39  19  66  50  28  35  37  8   18  84  30  3   72  47  1   33  30  93  98  8  
31  84  75  89  81  23  97  31  24  34  87  27  33  3   98  42  36  7   21  100 60  50  16  34  66  11  27  13  73  14  91  1   22  97  76  40 
40  77  20  76  53  99  85  3   72  82  63  51  60  2   23  52  96  25  12  33  83  21  79  55  93  74  67  47  88  38  47  95  83  73  84  62 
55  91  19  14  99  20  79  100 96  95  44  20  66  53  17  19  53  11  69  26  94  60  48  23  85  2   93  32  83  92  53  12  42  14  61  38 
86  53  0   34  34  45  49  10  43  67  99  64  75  65  69  53  63  100 42  77  96  8   56  19  30  53  70  80  4   75  55  35  13  45  79  65 
48  20  88  37  45  53  18  74  27  62  62  2   14  47  68  72  53  10  90  92  52  97  21  83  39  33  31  37  79  38  58  49  27  26  50  27 
51  18  91  13  98  12  94  79  53  45  0   66  53  43  75  99  84  15  49  91  81  25  71  20  21  12  52  14  43  63  30  31  44  89  15  92 
37  5   40  23  5   99  11  44  15  89  34  4   85  66  86  72  77  32  28  90  29  99  42  80  36  81  81  70  24  49  74  25  58  52  12  13 
75  49  0   63  15  6   81  0   47  17  51  95  23  41  57  55  6   29  6   18  49  1   21  50  32  34  28  4   95  23  62  52  65  16  32  97 
67  33  39  54  85  100 27  92  27  25  100 10  95  79  92  59  94  80  25  43  21  80  51  92  88  29  2   83  15  60  57  25  84  8   90  78 
34  76  50  55  28  70  95  28  90  67  27  56  91  12  83  63  78  18  76  11  98  58  48  37  38  83  15  36  82  32  41  0   5   9   14  9  
96  70  48  10  88  23  96  15  67  6   11  32  10  28  65  86  56  47  13  44  5   100 86  0   29  20  19  33  91  39  16  81  40  46  22  51 
64  40  81  95  53  43  75  48  6   50  35  16  75  2   77  97  96  14  44  81  55  15  74  16  60  12  79  72  46  70  12  23  72  60  77  2  
23  16  32  43  43  28  42  47  44  25  27  27  81  27  49  98  45  20  9   97  79  3   92  91  73  0   17  0   1   42  91  89  89  25  7   22 
49  74  2   69  92  39  51  70  39  75  54  48  62  73  13  90  14  84  3   76  88  79  33  31  86  73  90  24  95  54  64  53  41  59  64  82 
70  92  12  98  33  1   98  8   67  65  32  6   59  86  97  54  96  84  76  35  53  92  20  15  95  48  35  97  14  7   91  80  36  11  93  97 
69  40  42  63  51  94  5   20  41  22  8   39  66  4   32  54  47  92  41  0   9   46  13  99  28  12  68  52  10  74  67  78  18  77  24  96 
95  90  58  61  37  80  84  12  98  47  15  88  91  72  43  100 5   32  47  67  81  75  29  75  79  17  48  69  68  69  24  55  25  96  50  47 
86  17  18  32  91  55  6   87  23  85  17  91  26  76  14  35  93  84  77  49  5   54  95  3   12  86  5   77  27  43  16  86  15  21  18  2  
86  50  40  54  46  23  97  97  1   94  60  66  43  50  65  45  83  6   95  74  68  2   79  48  20  100 95  86  6   36  43  42  41  45  19  67 
28  35  79  4   0   63  72  44  6   98  51  83  65  38  13  56  14  44  43  17  71  15  22  25  26  83  29  75  73  45  74  21  5   44  30  63 
65  75  53  17  68  27  18  25  30  30  36  30  32  49  85  39  71  23  19  47  89  87  70  18  41  57  1   42  100 43  27  85  41  63  56  16 
50  35  57  42  24  37  10  14  27  38  77  62  58  1   68  54  97  15  55  2   0   73  8   97  74  53  80  69  7   34  87  34  4   22  65  31 
76  8   26  21  50  95  15  44  79  5   70  97  74  29  53  79  36  99  53  6   40  47  13  33  31  20  79  80  76  32  97  95  59  28  57  40 
20  49  32  41  97  6   100 50  95  60  41  33  19  84  63  51  29  51  95  81  25  94  97  58  52  77  92  14  51  95  83  34  100 1   41  14 
91  76  83  73  65  8   50  8   45  94  11  50  74  23  45  9   28  91  71  62  8   87  30  11  95  60  68  97  26  57  67  74  76  44  26  28 
7   38  65  47  59  36  64  42  66  93  86  49  78  94  50  41  55  49  45  100 55  11  62  65  27  79  56  63  26  73  66  20  84  85  62  70 
86  83  4   19  12  69  20  19  16  71  86  20  36  7   45  4   42  35  81  4   46  61  50  72  78  39  89  19  8   36  19  6   11  90  57  31 
20  43  6   99  67  39  97  97  88  43  33  53  59  83  25  8   25  65  87  57  56  60  93  16  49  100 58  7   80  82  65  37  97  87  77  92 
29  46  60  90  29  88  50  7   80  57  11  90  25  57  55  43  29  72  63  4   27  87  21  46  5   6   52  57  43  63  4   67  87  49  54  9  
9   59  83  35  51  40  29  9   54  19  22  49  10  10  35  21  11  32  42  14  69  97  59  66  99  32  68  98  99  56  36  34  83  69  72  64 
